L A 1750	82.9	243	2.74	5.28	11.9	2.93	66	76	81	88	97	100	93	95	56	59	63	69	77	81	79	87	56	56	62	69	77	78	78	87	57	56	61	68	78	79	79	87	57	55	62	68	78	79	77	86	57	56	61	69	77	77	77	85	59	60	64	73	82	82	79	85	64	69	72	81	89	91	83	87
L A 1751	84.6	207	2.23	4.36	11.7	2.45	72	77	84	91	99	98	97	100	61	61	66	71	80	82	86	91	59	57	61	64	72	77	82	88	59	56	60	65	73	76	78	89	63	60	63	66	77	77	80	89	66	64	66	71	79	80	83	90	71	69	71	75	83	85	89	92	82	82	84	88	97	97	96	96
L A 1755	87.2	255	0.08	0.14	11.5	2.92	58	61	66	72	74	79	80	83	56	58	61	64	73	77	82	86	60	58	62	67	77	81	87	91	63	59	64	68	79	82	88	94	66	63	65	70	80	84	90	95	70	69	70	74	85	90	96	98	72	74	75	77	88	93	97	100	76	74	79	85	92	97	98	100
L A 1756	75.4	184	0.11	0.16	11.2	2.44	75	75	80	89	91	93	100	99	72	77	80	83	88	93	99	98	71	71	77	80	88	91	93	96	71	68	78	80	86	89	92	95	71	67	79	80	87	87	93	93	72	71	78	82	88	87	92	92	77	79	83	84	87	90	93	90	81	81	84	90	90	92	95	90
L A 1757	80.9	212	1.37	7.89	11.3	2.62	73	77	81	87	91	93	94	94	76	79	79	80	88	94	97	95	77	78	80	79	90	94	96	94	76	76	80	78	94	96	95	96	77	77	80	80	94	95	93	94	77	80	79	81	93	95	94	95	76	80	81	84	95	99	100	96	82	80	84	91	99	99	100	97
L A 1758	84.7	244	1.96	6.03	11.5	2.88	87	93	96	95	97	97	100	95	85	92	94	84	89	89	89	90	84	86	91	82	88	82	80	87	81	81	91	82	89	83	78	85	80	77	88	80	87	83	79	83	78	79	86	80	88	83	83	85	80	82	86	82	83	84	86	86	82	73	86	89	88	85	88	86
L A 1761	92.2	210	0.97	13.71	11.8	2.28	71	76	85	83	80	79	78	77	72	82	85	81	83	83	84	84	73	76	84	78	83	79	78	84	77	77	84	73	76	80	81	85	78	83	85	75	78	83	85	89	81	83	90	87	89	89	91	95	84	91	97	95	99	97	100	98	82	82	85	89	94	89	93	92
L A 1762	98.1	184	1.21	2.58	11.5	1.88	81	78	80	80	83	79	83	83	83	85	91	87	93	89	89	86	78	66	77	83	90	76	70	85	76	62	76	75	83	73	67	83	74	60	76	79	85	75	65	83	73	59	77	80	86	75	64	85	79	75	89	95	100	91	81	92	78	75	79	80	82	79	84	85
L A 1766	78.9	164	0.39	4.45	10.8	2.08	63	63	68	78	85	86	89	86	71	75	75	82	94	95	96	93	71	73	75	78	91	91	91	93	71	72	73	75	88	90	92	94	70	71	72	74	87	92	90	93	68	70	72	73	86	91	92	92	68	74	76	81	93	98	99	95	65	68	69	64	89	97	100	93
L A 1767	78.4	129	0.35	1.4	11.5	1.65	74	65	59	75	95	98	91	100	66	63	60	69	88	93	94	96	62	58	57	63	81	86	89	94	56	54	55	59	79	83	87	91	54	53	55	59	78	83	85	89	57	57	56	64	77	84	86	89	59	61	60	69	82	83	86	87	66	64	61	72	88	88	85	87
L A 1770	72.7	98.5	1.02	20.55	11	1.35	61	58	62	72	81	85	86	88	63	64	67	75	86	89	88	88	67	68	67	73	82	89	89	90	67	68	68	72	82	85	89	90	70	65	66	71	83	86	86	90	71	68	69	75	86	87	89	92	72	72	71	79	92	96	98	96	77	73	72	82	98	100	98	88
L A 1772	78.9	115	0.27	0.33	11.4	1.46	72	63	65	77	87	88	92	97	71	74	77	83	95	97	97	95	73	71	79	87	93	91	92	96	74	73	81	85	91	90	92	94	71	70	79	84	91	90	89	94	73	74	80	84	92	91	93	95	79	82	87	89	99	99	100	97	82	76	80	85	95	93	96	96
L A 1773	83.3	171	0.37	0.75	11	2.05	91	90	96	100	99	88	81	85	88	90	94	94	95	85	81	84	89	89	93	93	94	82	81	84	88	90	93	90	91	80	76	87	87	90	93	91	94	82	81	89	87	89	92	91	97	89	89	92	91	92	96	97	100	95	97	98	99	90	93	99	98	91	96	99
L A 1774	79.7	152	0.47	1.08	10.8	1.91	71	72	78	85	81	76	79	77	89	93	94	93	90	84	84	84	91	97	97	90	90	84	78	88	91	88	90	87	87	80	81	88	87	87	89	86	88	82	81	86	90	91	91	94	96	87	86	88	89	97	97	100	99	95	92	92	79	85	89	91	89	83	82	81
L A 1776	82	140	0.35	1.16	11	1.71	83	90	93	93	95	92	85	81	86	97	98	93	98	93	88	87	86	95	100	91	97	90	87	87	87	89	93	91	96	90	86	89	86	88	90	90	92	90	83	90	83	84	86	88	95	91	88	92	83	88	88	89	97	95	92	93	78	76	80	84	93	88	91	88
L A 1779	72.8	198	1.24	3.53	10.8	2.72	72	77	88	90	92	90	87	83	72	79	85	84	90	88	85	83	74	79	86	83	88	85	83	80	76	80	87	82	88	86	80	82	78	83	91	86	91	90	84	84	81	88	95	94	98	93	91	88	85	88	96	97	100	97	97	90	86	86	97	99	100	99	100	92
L A 1780	78.4	200	0.21	0.24	10.7	2.55	55	62	70	72	83	90	96	85	61	69	69	72	83	92	100	95	65	70	72	74	86	93	100	96	68	70	72	71	85	92	96	95	70	71	74	74	85	91	95	95	70	73	73	75	84	90	94	95	71	74	74	77	87	93	97	96	68	69	71	77	85	92	98	93
L A 1781	79.3	203	0.42	1.54	10.7	2.56	54	52	51	61	69	75	77	81	52	54	56	59	68	72	79	83	55	59	58	57	67	73	78	87	57	61	60	56	68	75	82	92	60	64	63	60	72	80	86	95	61	65	67	66	78	84	92	97	63	68	71	73	82	85	90	95	70	72	78	84	91	94	97	100
L A 1782	61.6	140	0.82	1.75	10.3	2.27	77	78	81	87	94	97	99	100	73	77	76	80	89	92	97	97	74	74	75	77	87	87	93	96	72	72	74	73	83	86	89	93	71	70	71	71	82	86	87	93	71	71	70	73	83	86	90	92	72	75	74	76	84	91	93	95	75	72	74	77	84	88	89	88
L A 1784	79.5	233	0.51	0.63	11.2	2.93	62	66	69	75	80	83	85	92	58	64	66	71	78	80	83	90	62	65	69	72	81	82	84	90	65	66	71	71	81	84	84	88	68	70	73	73	84	84	83	87	71	72	75	77	87	86	85	88	76	78	80	80	90	92	92	91	85	85	85	91	99	100	98	94
L A 1786	79.2	158	0.31	2.86	10.7	1.99	72	72	81	87	88	80	82	79	76	82	88	94	99	95	96	91	77	82	85	89	97	89	90	93	77	77	81	86	96	87	87	95	75	75	79	84	95	86	84	95	74	76	76	80	90	88	88	95	73	78	82	83	97	100	100	99	74	77	81	84	96	95	97	91
L A 1788	74.9	103	0.35	0.44	10.6	1.38	63	70	78	80	84	78	76	72	70	86	92	92	97	92	85	83	75	81	88	94	96	88	83	83	78	80	92	94	100	90	82	89	79	77	89	92	98	86	76	85	74	74	84	82	86	80	75	82	73	77	87	87	93	85	77	79	75	71	77	80	86	78	74	70
L A 1790	87.3	196	0.3	0.69	11.3	2.25	73	73	80	82	90	84	84	92	72	74	77	77	83	79	81	90	72	70	73	71	77	69	72	88	74	70	71	72	78	69	71	91	75	67	72	74	79	70	70	92	74	68	71	71	76	73	73	91	72	80	82	80	87	88	87	96	78	84	85	88	94	94	100	100
L A 2146	115	453	3.84	0	12.7	3.94	62	76	76	82	92	100	96	96	42	42	44	53	62	68	72	80	41	42	43	51	60	67	72	79	41	42	42	49	57	66	71	78	40	41	41	48	57	65	70	77	40	39	42	49	58	65	70	77	41	39	43	52	59	65	70	76	48	47	50	57	63	69	71	76
L A 2195	89.5	202	4.34	0	11.3	2.26	61	62	64	75	80	83	85	94	54	57	58	69	78	80	83	93	56	60	62	69	79	84	88	97	58	58	58	60	75	82	86	99	59	59	59	67	75	82	87	100	58	62	64	73	80	85	88	99	57	60	64	74	80	83	87	97	55	62	66	74	77	80	84	93
L A 2196	90	157	1.3	0	11.4	1.74	49	52	59	68	72	77	80	88	52	59	65	75	80	82	85	90	56	63	72	82	86	89	91	96	60	67	74	82	86	91	93	100	61	68	75	83	87	90	93	98	61	70	76	83	88	86	89	92	60	65	70	78	80	79	82	89	61	66	71	80	78	74	77	83
L A 2197	83.2	146	1.12	0	11.3	1.75	66	69	73	85	84	81	85	92	65	72	76	87	88	86	91	95	71	82	85	91	95	95	97	99	78	86	85	87	92	95	100	98	79	86	87	88	92	94	99	97	78	87	89	93	96	95	95	96	75	80	85	92	95	93	93	93	65	70	80	88	86	85	84	81
L A 2199	77.4	96.9	2.13	0	11	1.25	61	65	69	73	71	64	69	88	62	70	71	75	76	71	79	90	66	76	78	77	77	76	82	94	71	77	78	74	75	76	80	98	72	74	78	77	78	76	78	100	69	75	77	82	84	77	77	93	68	72	70	77	79	75	79	91	57	59	61	65	70	66	70	83
L A 2206	98.2	351	3.41	0	12.2	3.57	87	97	88	87	84	80	83	96	76	73	73	73	72	72	77	92	78	72	76	76	75	75	76	92	80	74	78	76	77	78	80	94	82	73	78	77	79	80	81	95	82	77	80	82	82	81	84	95	85	80	81	81	80	80	88	96	88	84	89	90	88	87	92	100
L A 2209	82.1	131	3.05	0	11.2	1.6	99	100	98	91	79	70	71	85	86	85	85	80	72	66	68	82	85	79	82	72	66	66	72	85	89	80	78	65	58	63	75	86	91	81	79	68	59	67	75	86	88	81	83	76	74	74	76	83	89	85	84	81	75	72	75	78	90	84	81	78	68	67	69	75
L A 2215	82.8	267	0.9	0	11.2	3.22	87	82	87	91	88	83	84	91	75	70	75	76	76	74	78	82	77	76	79	76	78	75	77	86	80	78	79	79	79	75	76	86	78	78	81	81	82	78	78	86	80	80	83	85	86	81	80	88	88	82	84	86	90	88	89	92	99	93	94	98	100	100	98	98
L A 2216	73.5	172	1.47	0	10.9	2.34	65	63	68	79	86	87	87	92	60	59	65	72	78	82	83	88	59	60	65	75	77	81	94	95	66	61	63	71	77	80	80	89	60	62	67	73	81	87	84	90	64	63	66	77	83	86	90	95	64	64	69	79	88	84	93	96	67	65	89	81	89	90	92	100
L A 2219	88.3	256	1.53	0	11.5	2.9	53	61	65	74	81	85	89	95	48	52	57	67	72	77	83	91	51	55	60	67	73	79	84	93	53	54	58	66	71	80	83	94	55	53	59	68	74	80	84	94	58	56	61	71	76	80	84	94	63	61	64	73	78	81	87	94	72	80	83	88	97	98	100	99
L A 2228	83.6	178	0.86	0	11.6	2.13	72	63	65	72	82	90	90	100	63	58	59	65	74	82	85	92	64	60	59	63	74	82	85	91	65	60	58	63	75	83	86	91	64	60	59	62	74	81	87	91	63	62	61	64	74	82	87	92	65	62	62	66	76	81	86	92	68	68	70	74	83	89	89	94
L A 2229	83.9	191	1.29	0	11.8	2.28	69	70	76	85	84	88	90	98	62	62	64	72	77	81	83	93	65	64	67	73	80	84	87	94	70	66	69	73	81	86	88	90	71	67	71	75	83	86	89	92	73	71	72	77	83	89	92	98	77	72	74	80	85	89	92	100	78	78	77	80	88	98	96	100
L A 2230	78.2	124	0.71	0	11.3	1.59	93	81	81	98	99	81	86	100	80	73	75	83	85	73	80	93	79	70	73	79	82	72	76	89	81	69	73	79	82	73	78	92	81	70	73	80	82	73	78	95	81	74	77	84	85	75	82	95	83	76	81	92	92	79	89	100	83	73	79	93	92	77	87	99
L A 2231	78.8	185	0.69	0	10.8	2.35	87	81	82	88	84	75	75	99	77	76	76	78	77	71	77	93	80	77	78	78	79	72	79	97	82	78	77	77	79	74	80	98	85	79	78	78	79	74	81	98	85	81	77	78	81	75	81	97	87	83	80	83	85	82	87	100	89	83	81	86	86	81	84	96
L A 2232	99.2	283	1.24	0	12	2.85	69	70	73	78	82	76	72	80	61	64	65	68	69	66	67	72	63	64	66	66	66	65	67	71	64	64	65	65	66	66	67	72	67	66	67	68	68	68	70	75	68	68	69	70	70	69	72	76	70	69	73	76	75	71	74	80	84	87	91	100	93	82	85	89
L A 2233	85.9	155	0.55	0	11.8	1.8	61	58	62	71	68	67	68	74	57	57	62	68	68	66	67	73	62	62	66	67	69	68	70	74	68	65	68	67	70	68	70	75	72	69	72	72	75	72	74	78	75	74	77	80	81	77	78	83	82	78	83	89	91	84	83	90	95	91	91	99	100	91	90	98
L A 2248	79.4	135	2.78	0	10.7	1.7	66	60	61	69	76	81	84	97	62	59	59	68	76	80	83	96	64	60	60	66	76	80	85	94	66	63	61	66	73	81	86	96	66	62	60	66	75	83	87	96	66	62	61	70	79	85	87	97	68	63	63	72	81	86	89	99	70	62	62	71	82	86	90	100
L A 2254	83.2	242	2.79	0	10.9	2.91	72	75	77	86	92	94	94	99	64	66	70	78	85	86	90	97	63	63	66	75	83	86	90	97	62	63	65	71	80	86	91	95	63	62	64	71	81	86	90	96	65	63	62	73	82	86	90	96	66	64	64	75	84	89	94	98	69	66	69	81	91	95	96	100
L A 2270	73.7	140	3.91	0	11.1	1.9	77	80	79	87	91	96	98	100	74	77	76	83	88	93	97	99	74	74	73	78	86	88	91	97	77	74	72	78	84	87	90	97	78	76	73	76	83	87	92	97	79	79	75	78	84	89	94	97	79	78	78	84	86	90	94	97	75	76	80	85	86	86	86	90
L A 2273	71.4	119	4.37	0	11	1.67	59	62	69	75	74	76	78	88	61	67	73	79	81	84	87	92	67	73	76	81	86	91	95	95	73	77	77	81	86	93	99	100	74	76	78	80	87	94	98	100	73	76	79	81	88	94	99	96	73	73	77	83	86	91	94	93	67	68	72	76	77	81	83	83
L A 2275	74.3	134	0.59	0	10.5	1.8	82	81	86	87	84	81	84	100	76	79	82	82	81	78	83	96	77	76	82	80	83	77	82	95	77	74	79	77	79	76	78	93	76	71	78	76	79	73	73	92	76	73	76	76	77	72	74	93	81	78	80	81	81	74	80	96	82	79	79	82	81	73	77	89
L A 2276	87.7	194	1.72	0	11.5	2.21	79	77	80	81	80	78	81	94	73	74	77	77	78	78	82	92	74	72	78	75	77	76	79	94	76	72	74	71	69	75	81	95	77	73	75	70	75	75	81	96	77	78	78	75	79	82	86	96	79	78	78	79	82	84	90	100	79	75	80	82	87	90	94	100
L A 2278	78.4	124	1.51	0	10.7	1.58	85	83	82	82	84	80	79	90	85	86	84	84	90	89	89	96	81	75	78	80	86	84	83	97	83	68	80	77	81	84	84	100	84	72	80	77	83	86	84	99	85	82	82	81	89	91	91	98	92	91	89	89	94	95	97	99	83	76	78	79	83	81	84	87
L A 2282	80.6	173	4.03	0	11	2.15	69	76	73	79	72	69	70	80	65	72	76	76	75	74	78	88	68	74	77	79	80	77	83	96	72	74	80	80	84	83	88	99	73	76	82	84	90	85	90	100	75	78	83	84	87	86	91	99	78	81	85	84	86	85	90	96	82	86	87	86	88	85	85	92
L A 2284	89.7	166	2.75	0	11.3	1.85	52	53	54	59	67	74	81	92	48	49	50	57	66	73	80	91	49	48	51	57	68	77	82	95	51	50	52	56	66	80	87	100	49	50	54	57	67	80	86	100	45	49	53	59	67	77	85	95	45	48	51	57	64	72	83	90	46	47	51	57	62	67	78	86
L A 2288	79.7	154	2.78	0	10.7	1.93	68	62	64	75	86	89	89	98	63	61	63	73	84	90	90	98	62	60	64	72	82	90	94	99	62	59	61	67	76	88	93	100	63	61	63	67	77	89	96	100	67	66	66	74	85	93	97	100	68	65	66	78	90	92	94	100	67	63	63	72	83	87	88	99
L A 2289	80.1	141	1.75	0	11.1	1.76	73	67	70	81	93	88	90	100	68	66	68	77	87	87	90	93	69	61	70	76	85	87	89	94	71	71	72	76	84	87	89	93	76	73	74	77	86	88	89	95	77	75	75	82	91	91	91	96	79	76	77	86	95	96	95	98	78	75	77	84	98	93	93	99
L A 2367	66.5	82.6	0.65	0	10.5	1.24	63	69	74	74	82	89	90	100	65	65	74	76	85	87	74	88	64	52	74	78	87	85	60	86	65	55	78	78	87	92	65	89	63	62	76	78	87	92	69	91	65	64	73	77	85	88	71	88	67	70	73	76	84	89	85	94	68	70	61	76	81	85	88	99
L A 2383	83.7	88.8	0.62	0	11.2	1.06	58	57	59	58	62	69	75	82	54	54	56	54	59	69	78	85	56	56	56	51	59	71	84	91	60	59	54	49	59	73	91	99	64	62	59	51	61	74	92	100	67	66	67	59	69	82	91	99	65	66	71	71	76	81	86	93	71	71	75	77	77	76	81	90
L A 2415	95.8	161	0.45	0	12.3	1.68	74	71	72	71	79	89	92	99	71	68	69	69	79	86	90	98	73	72	70	66	78	85	91	100	78	74	72	67	78	85	92	100	79	76	73	72	80	87	94	100	79	78	79	76	85	90	93	99	76	74	76	76	85	88	91	96	77	75	74	72	77	83	90	94
L A 2419	96	160	0.55	0	12.1	1.67	72	72	71	66	69	74	80	96	74	74	74	71	76	81	85	96	78	79	76	69	78	86	93	99	81	81	75	68	78	86	94	100	83	83	77	68	78	87	93	97	80	81	78	71	79	85	89	93	78	77	76	72	77	82	84	89	77	75	75	71	75	79	81	86
L A 2423	91.2	97.9	0.79	0	11.6	1.07	74	76	74	71	65	64	69	77	79	88	84	78	79	82	85	88	82	88	85	76	83	86	90	96	87	92	87	72	77	88	93	100	87	88	87	72	77	88	92	93	82	90	86	74	79	84	90	94	78	82	78	72	76	79	82	89	72	70	66	62	62	63	67	79
L A 2424	70.8	99.1	0.6	0	11.1	1.4	82	81	77	74	72	73	76	84	82	81	82	77	78	81	81	89	85	83	88	81	84	83	82	95	90	88	88	78	80	86	88	100	89	87	86	76	81	86	88	99	83	81	81	75	82	83	87	97	80	77	76	71	75	79	85	93	79	75	75	74	73	72	80	86
L A 2426	75.7	94	2.47	0	11.7	1.24	90	84	90	92	86	90	90	96	85	85	88	88	87	89	90	95	87	92	91	79	77	85	89	100	89	90	83	71	69	83	91	100	87	88	83	71	73	81	89	98	85	87	87	80	81	83	86	95	84	81	87	86	86	85	86	93	82	80	85	86	84	81	78	86
L A 2429	77.6	136	0.95	0	11.6	1.75	89	90	92	87	85	84	84	89	85	87	87	83	85	83	84	90	86	95	88	74	80	85	92	96	85	94	87	70	75	86	90	97	84	93	87	71	78	89	94	97	85	93	91	82	89	94	94	98	87	90	92	89	94	95	92	95	93	98	100	96	94	97	90	92
L A 2435	86.7	119	0.96	0	11.5	1.37	58	60	64	68	72	75	82	92	59	61	63	66	73	80	88	92	64	65	63	62	70	83	93	97	67	67	62	58	65	83	95	100	66	65	63	57	65	81	92	97	62	64	64	60	66	78	88	91	58	59	60	61	66	73	80	83	49	51	53	47	53	64	69	76
L A 2437	85.7	112	1.9	0	11.7	1.31	66	62	62	63	67	75	83	92	63	65	65	64	74	85	94	95	71	71	65	58	73	88	100	100	73	70	64	53	68	84	97	99	72	70	63	53	67	83	95	97	71	70	65	57	71	84	93	93	69	66	65	61	71	81	87	88	59	58	59	56	61	70	73	75
L A 2440	94.8	117	1.47	0	11.8	1.23	53	50	52	52	58	65	72	79	57	63	63	62	69	78	85	88	62	72	69	60	68	82	91	96	63	73	66	57	64	81	95	100	64	71	67	59	65	82	95	100	63	70	69	65	71	84	94	97	60	65	66	65	71	79	88	92	55	56	55	54	58	66	73	80
L A 2442	67	85	0.45	0	11.2	1.27	70	67	65	63	69	78	84	94	69	71	70	67	75	84	90	96	73	70	70	67	77	83	88	98	75	71	73	72	81	87	89	100	76	73	74	71	82	86	88	100	77	77	77	74	83	88	92	99	79	80	79	76	83	88	93	97	74	72	74	73	79	83	86	92
L A 2443	65.6	104	0.65	0	11.1	1.59	87	82	83	80	79	82	85	98	84	84	85	80	81	84	87	98	84	81	83	77	80	78	83	99	85	80	84	77	80	79	83	100	83	77	80	75	80	78	82	100	81	77	77	72	76	75	80	96	83	80	80	74	78	79	83	93	84	81	82	74	80	80	83	94
L A 2446	77.2	109	0.62	0	11.5	1.41	96	95	99	93	94	92	85	97	93	95	96	91	93	91	87	90	96	96	100	93	96	92	91	97	96	94	97	90	94	93	93	99	92	92	94	89	92	92	92	99	89	90	91	84	91	93	90	97	85	80	84	79	89	89	86	92	79	71	75	70	79	79	79	89
L A 2447	87.4	100	0.64	0	11.8	1.14	71	72	72	74	79	85	81	87	69	74	74	72	79	85	85	92	77	84	80	72	79	86	90	100	80	84	79	70	76	85	93	100	79	85	80	71	78	83	90	99	75	84	79	72	82	83	90	93	69	73	73	74	81	79	81	85	59	59	59	61	66	63	64	71
L A 2451	84.1	111	0.77	0	11.9	1.32	68	72	78	79	76	80	83	86	72	76	79	76	80	84	88	93	78	87	84	73	82	89	95	99	82	90	85	72	77	87	96	100	83	91	88	73	80	88	98	100	79	89	87	79	84	87	94	94	76	82	83	79	82	83	85	89	75	81	81	81	78	77	80	83
L A 2452	98.8	164	1.31	0	12.5	1.66	48	51	53	51	50	68	75	82	51	56	57	55	59	75	83	89	55	60	58	52	59	76	86	94	59	62	55	47	58	77	93	98	58	60	54	49	61	81	95	100	54	57	55	52	62	80	90	95	52	52	52	53	62	73	82	90	44	45	46	47	54	64	70	77
L A 2472	83	94.2	0.65	0	11.9	1.13	54	49	52	57	66	74	77	88	55	54	56	60	70	78	82	91	61	60	60	61	72	80	89	97	65	61	61	59	71	84	92	100	65	64	63	62	72	82	90	98	65	65	67	66	77	81	83	94	65	61	64	68	75	79	84	92	63	61	63	64	69	73	80	87
L A 2475	74.3	116	1.27	0	11.4	1.56	69	67	70	72	79	88	88	98	67	67	68	70	78	86	90	98	73	71	72	70	80	87	92	100	77	74	76	73	80	89	92	100	76	73	77	74	83	88	91	100	76	72	76	73	83	87	88	97	78	72	76	77	81	87	88	96	69	68	73	72	75	78	78	85
L A 2478	85.8	200	2.08	0	12.2	2.33	85	79	82	82	88	88	92	100	77	73	74	75	83	85	85	94	78	73	76	75	84	85	79	92	80	75	79	75	83	87	80	91	82	78	81	77	84	89	86	93	85	81	83	81	89	90	88	94	87	83	87	87	91	91	90	94	88	87	94	93	93	93	92	92
L A 2409	80.5	346	0.72	1.55	11.6	4.3	73	75	78	78	86	91	94	100	65	61	64	64	73	77	86	96	68	64	65	59	72	80	84	100	73	62	60	56	69	79	82	99	73	62	60	57	70	78	80	99	72	66	65	63	75	81	82	98	71	66	66	66	76	84	90	98	78	81	67	77	89	98	99	100
L A 2410	85	263	0.68	1.43	11.9	3.09	70	73	71	70	75	82	85	95	63	61	63	61	68	76	81	90	64	60	64	61	68	77	79	91	64	61	63	59	66	78	81	93	65	62	65	60	67	79	83	93	66	68	70	67	73	81	85	92	68	71	73	73	79	81	84	93	78	88	86	83	97	100	92	99
L A 2414	78	248	0.77	3.5	11	3.18	78	78	78	76	80	82	87	100	75	70	72	72	79	83	88	97	75	73	77	78	85	87	92	98	76	75	80	74	82	91	91	93	77	75	79	74	82	89	86	91	76	73	77	77	81	87	89	95	78	73	75	74	80	83	87	95	76	72	76	76	82	83	85	93
L A 2420	83.5	199	1.23	9.89	11.7	2.38	74	77	76	76	82	89	93	98	72	75	77	75	82	87	89	96	79	77	80	78	86	84	82	94	82	77	81	77	86	88	85	97	85	81	84	78	89	91	88	99	86	88	89	85	95	94	91	100	88	87	88	88	94	94	95	99	84	85	85	86	86	87	89	92
L A 2431	85.5	331	2.25	28.94	11.1	3.87	78	88	94	98	92	92	85	100	75	84	86	85	86	85	82	92	79	87	88	77	81	84	85	95	83	92	86	72	77	85	87	97	83	90	86	74	79	84	87	97	84	90	87	80	86	89	88	98	87	90	88	87	93	92	88	99	80	84	86	87	90	87	87	92
L A 2445	79.8	236	1.34	2.4	11.7	2.96	80	89	97	96	96	96	85	89	75	82	85	82	83	83	78	84	78	81	82	79	81	79	78	89	80	81	81	76	79	81	80	90	81	81	82	78	80	81	78	88	79	78	81	79	82	82	78	87	77	83	87	84	87	86	80	85	78	90	96	98	98	100	90	86
L A 2449	80.1	189	1.91	2.72	11.7	2.36	68	80	87	90	100	100	82	77	67	74	78	80	88	87	77	78	75	81	79	74	83	88	79	84	81	82	77	70	78	84	73	83	83	81	78	71	77	82	71	79	84	81	82	78	78	85	73	81	83	77	79	81	88	89	81	80	81	80	81	86	92	94	82	74
L A 2461	72.6	189	0.18	0.18	10.9	2.6	88	92	94	96	95	91	84	94	81	82	83	85	87	84	79	89	84	86	84	77	80	85	83	92	89	89	82	71	76	84	82	94	90	90	85	73	77	84	82	94	92	90	90	83	86	87	85	96	93	92	93	91	94	91	86	96	97	100	98	98	97	93	90	99
L A 2463	76.6	179	0.47	0.71	11.2	2.34	70	70	72	74	81	87	88	100	61	60	62	58	71	77	82	95	61	59	59	53	66	74	82	96	63	57	55	49	60	72	81	98	63	57	56	49	62	72	81	95	62	59	59	56	67	74	81	93	64	62	63	63	72	79	85	93	73	71	71	70	76	86	90	95
L A 2465	73.2	184	0.4	0.65	10.5	2.51	71	74	78	78	82	91	91	100	64	68	71	70	76	85	88	95	64	68	74	71	79	86	88	96	65	69	75	70	77	87	88	96	62	68	75	71	77	85	86	94	64	67	73	71	77	82	84	90	66	68	72	71	76	82	83	90	71	72	74	71	77	82	83	91
L A 2466	70.6	174	0.11	0.1	10.5	2.46	83	79	80	79	81	87	87	93	75	70	72	70	76	83	84	90	76	72	74	66	75	84	84	96	78	71	72	64	74	86	84	97	78	71	73	67	76	86	85	98	79	74	76	73	81	88	88	97	79	74	78	76	84	88	89	96	87	82	88	86	89	95	93	100
L A 2468	88.9	214	0.46	0.86	12.7	2.41	80	77	80	79	85	95	92	98	72	67	72	72	79	89	89	96	75	68	72	71	79	89	90	99	77	72	75	71	77	91	86	99	79	75	77	73	80	91	87	99	81	77	79	78	85	91	93	100	85	81	83	84	89	93	95	100	88	88	90	93	95	96	96	99
L A 2479	87.7	210	1.28	2.85	12	2.39	87	83	93	94	92	90	84	100	80	76	79	80	81	78	76	90	84	80	81	74	79	77	76	90	84	79	82	70	76	81	78	90	83	77	80	70	77	81	78	90	82	75	78	75	81	77	76	89	83	77	79	79	81	77	78	89	91	86	90	87	85	78	81	91
L A 2480	64.5	174	0.19	0.23	10.4	2.7	91	93	100	96	92	97	82	89	80	81	86	84	82	81	75	80	82	80	82	76	77	76	75	83	83	77	80	74	75	78	76	82	85	79	82	73	76	80	77	81	84	81	83	76	81	84	78	80	82	83	88	86	88	88	80	82	87	92	96	95	95	94	83	87
L A 2484	67.6	183	0.71	0.85	10.6	2.71	95	97	100	93	93	84	75	90	89	91	93	88	88	82	75	85	94	91	91	85	86	76	68	84	95	90	91	86	86	79	69	84	95	96	97	88	89	82	73	85	93	96	98	91	90	86	79	84	90	91	98	93	90	83	76	76	92	93	100	96	91	83	76	75
L A 2487	91.1	288	3.16	6.04	11.2	3.16	92	92	98	94	80	81	74	82	82	79	88	85	80	79	71	77	81	77	89	87	87	80	68	76	82	81	93	85	84	85	70	77	84	84	96	85	85	84	71	78	87	87	96	89	88	83	75	79	91	94	96	91	86	81	75	79	97	100	100	94	87	80	74	79
L A 2489	66	152	0.57	0.8	10.3	2.3	81	78	79	76	82	93	93	100	73	68	72	68	80	88	87	95	70	66	74	71	83	89	89	96	69	69	77	71	84	90	89	95	68	67	74	69	82	88	86	94	67	62	69	66	80	85	84	94	69	65	68	66	80	85	86	95	72	70	72	70	79	87	91	95
L A 2490	65.9	183	0.49	0.81	10.5	2.78	80	80	87	85	85	89	90	95	73	73	78	75	83	87	91	96	76	74	76	58	82	85	93	99	78	75	76	71	81	88	94	100	78	75	76	71	80	87	92	96	75	74	76	71	81	85	90	93	73	72	75	75	84	88	84	91	72	73	76	78	83	88	88	92
L A 2491	64.5	249	0.55	1.32	10.6	3.86	62	70	76	77	81	86	84	91	54	59	66	66	73	73	81	89	57	63	69	68	78	84	90	95	60	66	71	72	83	88	93	97	62	68	73	74	85	90	95	99	63	69	75	77	86	91	96	100	64	67	76	79	87	91	92	97	69	74	82	85	91	97	93	97
L A 2501	77.7	173	0.86	1.66	11.5	2.23	80	85	94	93	99	98	95	100	67	65	71	69	78	79	81	90	67	63	67	59	70	75	77	88	68	63	63	53	64	74	78	87	65	65	64	52	66	74	79	84	74	72	71	62	75	78	79	84	75	73	78	74	84	82	83	84	80	86	91	90	91	92	87	88
L A 2503	82.2	292	1.85	4.12	11.1	3.55	63	73	75	74	86	91	97	100	56	60	62	61	72	80	88	94	58	58	64	62	75	81	87	94	58	58	64	59	72	82	88	95	58	58	64	60	74	82	87	94	57	59	61	60	74	81	86	93	57	57	59	58	72	80	88	91	59	62	64	65	75	82	87	89
L A 2504	81.5	221	0.92	1.48	11.1	2.71	68	70	76	78	85	90	94	100	62	62	66	67	76	81	87	96	60	61	67	64	75	82	89	95	58	58	65	58	68	81	87	95	57	57	63	59	70	81	85	94	60	58	64	65	76	82	85	94	67	68	72	70	78	83	88	95	73	75	77	77	83	86	89	95
L A 2505	67.2	213	0.8	1.48	10.4	3.17	66	69	74	72	80	89	90	94	61	64	70	69	80	89	90	94	62	65	72	72	85	92	93	98	63	67	73	70	85	97	97	98	65	69	76	72	86	95	99	100	68	70	77	77	87	93	99	100	69	70	77	75	87	92	95	96	70	71	79	79	89	95	95	96
L A 2508	64.7	118	1.5	1.93	10.6	1.82	67	71	76	79	81	90	89	96	60	69	76	78	86	88	89	96	65	72	78	76	87	90	93	100	70	74	79	77	89	94	96	100	73	76	81	80	92	95	97	100	75	78	84	83	95	94	95	97	79	81	86	87	96	96	92	96	84	84	90	93	96	98	92	99
L A 2509	72.9	127	0.83	1.33	11.2	1.74	87	83	87	86	89	87	78	88	80	76	79	78	81	79	74	82	82	80	80	75	81	79	72	81	81	82	81	77	82	80	76	84	80	82	81	77	80	77	76	85	79	79	80	78	82	79	80	85	76	79	86	86	89	84	82	85	82	86	98	100	95	92	84	80
L A 2511	69.1	140	0.61	1.31	11	2.03	83	91	99	94	92	89	83	88	79	87	91	86	89	83	78	85	82	87	93	83	87	83	82	85	80	84	90	81	86	84	84	85	77	80	91	80	86	85	85	87	76	77	91	83	88	87	87	89	77	85	96	91	95	90	87	90	78	87	99	100	95	92	89	90
L A 2512	82	268	1.27	7.13	11.1	3.27	88	86	87	86	91	93	83	89	79	77	76	75	79	81	78	84	82	80	80	72	81	82	83	89	84	83	82	70	78	85	83	91	85	84	84	72	79	85	82	91	85	83	84	79	84	86	84	90	83	84	89	84	87	85	81	87	86	95	100	94	95	95	88	88
L A 2513	76.8	227	1.22	14.23	11	2.96	89	86	94	92	88	84	77	92	81	80	87	84	85	82	77	87	85	86	90	84	87	84	82	88	89	92	94	83	87	89	85	90	93	92	94	87	90	90	87	90	93	91	94	91	95	91	88	89	95	91	95	97	100	94	88	90	95	91	95	97	99	95	89	92
L A 2514	76.7	232	0.17	0.16	10.9	3.02	72	75	77	78	83	88	93	99	67	69	69	69	80	86	90	98	69	70	71	68	80	88	93	100	68	66	71	66	80	89	91	99	68	65	70	65	81	88	90	98	67	67	68	67	80	86	90	93	71	69	69	69	71	84	88	90	73	74	77	75	81	84	85	86
L A 2515	84.5	278	0.5	3.71	11.3	3.29	74	72	72	72	81	86	89	100	69	67	67	66	74	78	84	94	72	67	69	65	75	78	81	94	72	66	70	63	73	80	80	92	71	67	68	63	72	80	81	92	72	69	68	65	74	78	82	93	73	69	69	66	74	79	84	93	76	78	79	73	83	89	89	95
L A 2517	90	174	0.89	1.54	11.9	1.93	72	74	81	79	81	90	88	100	65	67	71	72	73	83	86	96	66	68	68	64	70	82	87	100	67	67	64	58	64	77	89	97	65	67	65	58	65	76	86	96	64	66	66	65	72	79	84	95	67	65	68	70	76	77	81	92	71	72	75	76	82	81	83	93
L A 2518	96.7	187	2.25	6.02	11.9	1.93	70	72	80	80	84	89	88	95	63	69	74	73	83	91	91	94	68	74	76	70	84	95	100	97	72	75	73	66	79	92	99	99	72	75	73	67	79	92	100	98	73	74	73	71	83	93	96	92	75	74	77	77	87	92	94	90	80	80	84	83	88	97	94	86
L A 2519	90.9	154	0.99	2.84	12.2	1.69	93	93	98	100	96	97	87	94	87	83	85	87	91	90	86	93	92	91	89	83	90	90	88	96	93	89	83	77	83	88	84	97	86	78	79	74	80	82	61	93	78	72	79	76	85	84	79	92	73	73	81	81	85	82	79	85	70	74	86	83	84	86	80	82
L A 2521	86.4	199	0.72	1.07	11.7	2.3	89	95	98	100	98	94	85	92	78	74	79	78	82	75	74	87	83	75	80	76	78	74	70	88	85	82	80	70	71	75	70	87	84	82	82	70	72	75	71	89	84	82	85	77	79	77	74	87	81	80	86	83	82	77	72	86	86	91	97	96	90	86	79	92
L A 2522	90.7	236	0.83	1.29	12.1	2.6	84	85	90	93	92	90	82	84	80	80	83	81	85	83	76	80	83	82	83	73	80	80	74	84	84	79	79	69	72	78	75	85	84	79	81	69	73	78	76	85	85	83	87	79	84	82	75	82	83	83	89	86	87	84	79	81	87	93	100	98	96	93	85	86
L A 2523	85.1	224	0.62	1.12	12	2.63	76	75	82	83	84	83	73	79	66	62	65	67	69	68	65	76	68	63	65	62	64	65	62	77	72	65	65	60	64	68	66	79	74	68	69	63	68	72	71	83	74	72	75	72	77	80	77	86	75	73	79	81	84	82	79	86	85	92	99	99	98	100	94	92
L A 2524	79	211	0.54	0.57	11.8	2.67	84	82	89	89	97	100	98	100	71	68	71	70	80	84	86	93	72	68	70	67	81	82	81	92	71	63	67	61	75	82	82	94	69	61	65	62	75	83	82	94	68	61	63	62	66	62	55	60	64	60	62	60	64	63	58	59	73	74	74	72	75	75	63	60
L A 2525	79.2	220	0.49	2.06	11.5	2.78	87	91	100	99	100	96	88	83	78	78	84	84	83	79	74	74	83	83	85	79	79	81	77	75	85	84	81	71	72	78	73	75	86	82	79	68	71	78	76	76	85	79	79	73	77	76	79	75	80	75	79	78	80	74	72	73	80	79	82	87	85	78	74	70
L A 2526	77.3	177	0.61	1.15	11.5	2.29	82	85	94	99	100	94	87	84	76	81	85	85	91	88	80	78	80	81	87	84	93	90	77	82	81	78	82	77	87	89	81	82	82	78	81	78	88	90	80	83	82	77	81	84	94	90	79	80	82	82	82	81	94	94	85	80	82	83	85	84	95	93	84	76
L A 2527	80.4	169	0.44	0.68	11.6	2.1	84	88	93	96	99	100	92	92	71	72	76	77	82	83	80	78	76	74	76	72	79	80	78	80	77	71	71	64	70	77	80	81	75	68	69	62	70	74	77	79	72	69	68	65	75	75	73	75	68	63	65	66	75	76	75	72	71	71	75	76	88	90	83	78
L A 2530	83.8	181	4.91	5.74	11.6	2.16	89	93	100	99	95	96	89	88	82	77	79	79	80	80	81	85	86	76	78	72	75	78	83	89	91	77	77	71	75	80	85	92	94	78	79	73	76	80	85	92	96	82	84	79	79	83	83	91	95	92	91	87	82	84	82	86	86	95	93	83	71	78	77	78
L A 2531	97.4	298	1.84	2.52	12.1	3.06	88	96	97	92	95	100	95	90	85	90	93	91	94	97	93	90	87	83	90	91	95	91	81	89	90	82	88	82	89	89	84	87	90	84	88	80	84	84	78	80	83	88	92	78	84	84	75	75	81	80	84	78	80	79	78	68	84	87	88	84	81	80	73	61
L A 2532	77.7	213	1.32	3.98	11.4	2.74	81	89	93	96	96	100	91	83	72	75	80	79	83	82	79	75	71	75	78	73	82	80	73	73	69	69	73	70	80	77	70	69	71	67	68	67	79	74	67	65	71	70	57	68	80	75	66	65	70	71	69	69	80	79	74	65	75	76	75	74	82	81	73	66
L A 2542	80	231	3.6	4.89	11.5	2.89	81	77	83	85	85	80	73	77	72	71	73	72	74	74	71	74	77	75	77	74	79	76	70	78	79	78	82	74	78	78	69	78	81	80	83	77	80	79	74	88	86	84	88	85	88	81	79	88	87	86	91	88	89	83	82	88	95	96	100	100	96	90	87	92
L A 2543	78.9	138	2.03	2.67	11.7	1.75	75	71	77	78	89	94	96	100	65	64	67	69	80	87	90	95	64	62	67	69	81	85	90	97	63	62	68	66	79	85	90	96	62	61	66	66	76	83	89	95	60	59	64	65	76	80	88	94	57	57	62	63	72	78	84	89	59	60	65	65	73	77	80	87
L A 2544	83.9	231	1.52	3.09	11.7	2.75	71	72	69	74	81	90	88	100	63	60	62	60	69	76	82	92	64	59	62	58	69	75	80	92	64	60	62	55	67	76	81	91	65	60	64	57	67	75	78	90	66	60	62	59	69	74	77	87	69	64	65	63	71	75	78	86	76	76	77	77	81	82	81	88
L A 2550	82.1	171	4.69	8.89	11.3	2.08	73	66	69	69	78	87	88	92	64	59	63	62	73	81	83	90	64	62	65	60	73	85	88	94	66	61	62	55	69	84	87	96	68	60	66	59	71	85	89	95	70	65	68	67	79	88	89	95	74	67	68	71	82	87	89	96	84	78	81	81	87	92	92	100
L A 2555	83	166	4.85	9.38	11.8	2	85	80	81	85	91	95	94	95	76	75	78	80	87	90	92	95	77	74	80	78	89	90	90	98	79	75	79	75	85	91	90	98	80	77	81	76	86	89	89	97	81	83	85	82	91	92	89	95	83	86	89	87	94	94	92	95	86	94	96	90	98	100	94	93
L A 2557	67.6	137	2.67	4.91	11	2.03	91	90	96	100	99	97	87	97	87	86	92	93	95	92	87	91	89	92	96	96	99	95	91	95	94	95	100	92	95	99	91	94	93	95	99	92	95	96	80	83	93	91	96	93	97	90	84	89	88	88	92	90	92	88	81	85	88	85	86	88	89	84	81	86
L A 2558	66.7	196	4.01	6.82	10.9	2.94	92	95	96	98	100	99	86	96	80	78	81	84	87	87	81	90	85	84	86	84	91	91	86	96	89	87	91	85	92	96	90	98	90	87	93	88	93	96	91	99	89	86	90	90	95	92	88	98	88	86	89	90	93	92	84	97	91	90	91	92	95	95	87	99
L A 2327	78.1	157	1.27	1.89	10.6	2.01	78	76	79	77	75	87	90	100	71	71	74	74	74	82	88	97	72	70	75	72	74	85	91	99	73	69	73	65	67	85	91	99	70	67	70	64	67	83	90	98	65	64	67	66	71	82	87	95	61	59	59	62	67	75	79	92	59	57	55	56	57	68	73	89
L A 2398	81.3	190	0.14	0.14	11.1	2.34	70	70	75	76	77	88	90	100	65	66	68	70	73	82	85	93	65	68	66	63	69	80	86	94	65	67	65	59	66	80	86	92	62	67	65	60	66	79	83	91	63	67	68	67	70	80	82	91	65	67	70	71	71	78	83	91	68	71	75	74	70	79	84	91
L A 2547	103	316	4.74	14.62	11.7	3.07	80	76	75	71	69	80	80	88	72	66	66	65	65	77	79	88	73	66	69	65	68	79	80	90	77	72	71	64	68	81	83	91	79	73	75	68	70	83	84	93	81	77	79	75	78	88	85	93	80	79	82	78	80	88	86	91	84	90	97	92	91	100	93	89
L A 2596	77	241	1.14	6.68	10.7	3.13	73	78	84	85	85	88	90	100	67	76	83	85	87	88	90	96	70	78	80	76	80	89	93	97	74	79	75	67	70	77	89	99	76	78	78	69	73	81	88	99	75	81	84	82	86	88	91	98	77	78	86	89	92	91	92	95	82	80	89	92	92	94	93	97
L A 2597	89.6	383	1.13	2.59	11.5	4.27	77	81	79	77	75	75	69	73	70	70	75	74	74	70	64	68	75	75	76	73	72	72	70	70	79	80	78	71	69	73	66	71	79	80	79	70	68	72	67	72	77	80	79	75	73	71	66	71	73	78	82	79	77	72	65	69	79	94	96	100	97	86	76	74
L A 2598	67.1	163	0.54	0.96	10.7	2.43	93	96	100	93	98	100	87	91	84	84	89	89	86	87	80	85	85	86	88	86	89	84	77	83	87	84	87	81	88	82	69	80	86	81	86	88	88	80	66	79	83	82	85	87	88	81	69	81	87	84	84	86	88	86	78	85	95	93	91	90	96	98	88	91
L A 2599	80.8	205	0.23	0.18	11.3	2.54	78	82	82	77	78	73	65	75	72	72	74	73	71	64	57	70	77	69	72	73	70	59	51	69	79	67	72	72	69	61	54	68	79	72	76	72	70	62	54	67	81	78	79	76	75	67	58	71	81	77	80	79	76	69	64	71	91	96	100	94	87	81	71	77
L A 2600	81.6	223	0.25	0.23	11.4	2.73	69	84	88	87	88	87	75	75	62	69	80	85	84	79	73	78	70	74	85	89	90	82	71	84	76	73	82	89	90	81	69	83	80	77	87	93	95	84	71	84	83	84	94	100	100	88	72	86	83	88	96	96	99	92	80	84	81	90	97	95	94	90	80	86
L A 2601	77.9	192	4.09	13.52	10.7	2.46	72	69	74	74	73	79	81	87	69	63	67	67	68	74	77	83	72	67	71	72	72	76	76	85	75	70	74	72	74	80	80	90	75	72	76	73	78	82	81	93	74	71	75	78	80	83	84	93	74	71	75	80	82	83	86	93	78	76	83	87	86	88	89	100
L A 2603	72.3	157	0.93	1.94	10.4	2.17	65	67	73	75	77	85	84	99	62	62	68	74	76	84	85	95	64	67	72	75	79	88	90	98	67	70	74	71	75	86	89	96	66	71	76	73	77	88	89	98	69	72	77	76	81	89	91	100	70	68	74	75	79	86	86	98	74	73	78	78	79	87	86	100
L A 2605	79.7	244	1.85	3.29	11.1	3.06	80	82	86	88	89	98	96	100	77	77	81	84	86	90	92	96	79	79	84	84	86	92	92	100	80	80	82	81	82	90	90	100	77	78	82	78	77	75	87	99	75	76	81	82	85	89	92	99	71	70	76	80	85	85	89	97	66	69	73	77	81	84	85	94
L A 2608	89.5	320	0.43	0.85	11.5	3.58	73	80	86	88	88	95	93	100	60	67	74	78	80	83	84	93	62	67	74	76	78	83	84	95	65	63	72	72	72	79	80	93	68	67	74	73	75	80	81	92	69	73	80	82	82	83	82	91	74	77	84	85	85	88	88	92	84	87	87	93	92	95	94	96
L A 2610	94.1	333	0.41	0.46	11.6	3.54	89	94	100	98	95	87	79	83	79	82	89	88	85	77	70	77	84	84	87	84	82	75	68	78	86	81	83	80	78	74	69	80	84	79	82	80	80	76	70	81	83	81	86	84	82	76	69	81	85	86	90	88	86	79	73	83	91	96	97	93	91	82	78	85
L A 2612	85.7	207	0.24	0.36	11.4	2.42	92	95	100	94	88	85	82	91	78	77	81	80	74	72	70	83	80	79	81	74	73	70	71	88	83	77	78	72	70	69	68	87	84	77	78	74	70	69	69	87	83	79	84	82	76	69	68	86	86	82	86	88	79	72	71	87	93	92	94	95	89	80	72	95
L A 2613	86.9	275	0.49	1.34	11	3.16	88	91	88	83	80	75	68	80	80	79	79	78	75	72	68	78	84	79	80	73	70	70	67	79	88	83	77	67	65	69	68	76	89	85	81	72	68	70	68	77	91	87	87	81	78	74	68	82	92	90	91	88	84	77	71	83	100	97	98	96	87	80	69	91
L A 2615	78.1	193	0.39	0.48	11.5	2.47	77	85	92	88	82	81	76	81	73	75	81	81	78	76	72	80	75	77	82	78	76	73	67	83	79	78	80	74	72	66	62	82	80	80	82	75	74	74	65	83	81	82	83	82	82	80	75	88	82	81	86	89	89	86	81	89	90	93	100	100	96	97	89	89
L A 2616	101	142	0.9	1.89	12	1.41	66	65	66	64	66	81	87	100	57	57	55	53	56	69	77	95	59	61	56	48	52	69	79	98	61	59	52	45	48	65	80	92	60	57	53	44	49	65	79	96	57	58	56	47	51	68	77	96	54	57	57	50	53	68	77	92	58	63	58	51	52	66	71	86
L A 2617	83.4	194	0.62	5.68	11.1	2.33	75	78	77	75	74	89	90	90	64	60	62	61	62	72	77	86	69	65	63	59	60	73	80	90	73	70	64	59	59	75	85	94	76	73	70	63	62	76	82	95	77	74	74	70	69	79	85	95	74	73	77	76	75	83	84	93	75	80	81	82	78	88	90	100
L A 2618	74	166	0.6	1.19	10.7	2.24	78	76	79	77	77	91	94	100	72	69	71	72	74	85	88	96	77	72	72	67	70	81	89	97	79	73	71	65	66	79	89	97	79	72	72	65	68	78	87	96	76	72	74	70	71	81	84	93	77	73	78	78	77	82	83	94	79	80	82	82	80	89	88	97
L A 2619	72.8	233	0.29	0.65	10.8	3.2	73	76	78	77	78	87	87	100	65	65	69	71	72	78	79	89	65	63	67	66	68	77	81	88	67	64	66	65	68	78	81	91	72	72	73	70	73	81	84	92	74	77	79	78	80	82	84	90	78	79	85	84	88	88	87	88	86	91	95	90	95	100	97	93
L A 2620	71.4	238	0.27	0.56	10.6	3.33	79	92	97	100	93	90	80	84	72	75	81	87	86	80	74	80	76	78	84	84	85	82	74	80	78	74	82	81	83	80	67	78	76	73	81	81	83	79	65	77	75	76	85	89	90	82	69	79	74	78	88	91	92	87	78	82	84	89	97	96	94	94	86	92
L A 2621	63.1	179	0.17	0.32	10.3	2.84	75	84	92	96	100	98	87	89	71	74	81	85	86	82	74	79	73	74	80	81	84	81	72	83	75	71	78	76	78	78	68	81	73	73	80	76	76	77	68	84	72	79	85	83	82	80	74	83	73	78	86	88	85	78	72	80	78	90	96	91	88	82	76	82
L A 2622	71.4	232	0.43	0.91	10.5	3.25	75	80	89	92	93	90	81	86	70	76	84	90	89	83	78	81	74	78	83	84	85	87	83	87	79	85	87	81	82	86	79	87	84	87	88	81	82	86	79	86	83	88	90	87	88	89	81	85	83	86	91	95	95	90	83	87	86	93	99	100	98	96	89	91
L A 2623	76	251	1.53	6.97	10.9	3.3	62	69	73	75	73	72	63	68	58	61	67	68	66	63	57	64	58	60	67	65	65	62	56	68	61	62	67	62	62	63	60	71	63	65	69	64	64	65	62	72	64	67	72	72	71	69	63	73	66	70	74	76	77	74	69	73	73	80	87	91	98	100	88	85
L A 2624	66.9	210	0.32	0.58	10.5	3.14	59	67	73	74	77	84	83	93	57	61	69	73	73	79	82	93	60	63	71	70	70	79	82	96	61	65	71	67	67	79	77	97	62	67	73	70	70	81	84	98	61	69	75	74	75	83	88	100	60	67	75	74	77	82	87	99	63	73	82	81	79	85	88	100
L A 2626	75.6	141	0.79	1.45	11.4	1.87	78	70	72	80	72	81	83	96	71	70	73	74	71	77	81	92	74	72	76	77	74	78	80	94	77	74	77	77	74	81	84	97	77	75	78	77	75	83	84	98	75	78	79	78	77	87	88	100	76	77	77	77	75	86	91	98	74	75	77	78	69	85	87	98
L A 2627	76.9	157	1.65	1.89	11.5	2.04	79	83	91	95	86	88	87	100	68	73	79	81	76	72	68	68	71	69	76	78	76	71	66	70	72	67	73	75	73	73	66	68	70	65	71	75	75	73	65	67	67	64	70	76	77	73	64	65	66	66	69	73	73	73	67	64	70	68	71	73	71	72	69	68
L A 2630	71.5	193	0.73	1.22	11	2.7	80	76	80	79	78	78	72	80	74	68	70	71	75	71	69	71	76	70	70	72	74	73	68	72	78	71	70	72	72	73	65	71	76	71	71	72	75	76	69	73	77	74	75	76	80	78	75	72	79	78	82	86	86	82	76	73	83	84	90	100	95	94	83	84
L A 2631	78.7	195	0.75	1.1	11.2	2.48	96	92	97	100	95	96	92	93	84	78	82	86	83	79	78	82	84	79	81	80	83	76	70	80	85	74	77	78	79	71	69	78	83	74	76	76	78	70	67	78	81	73	77	76	79	73	67	76	81	74	79	80	81	78	73	77	88	82	85	87	86	84	80	82
L A 2632	86.6	266	0.71	2.64	11.4	3.07	91	92	95	99	100	100	80	88	82	81	87	87	87	84	78	80	84	83	87	85	86	81	73	81	84	79	83	81	82	79	72	83	83	79	82	81	83	80	73	83	81	80	82	81	83	81	77	80	76	76	80	83	81	79	74	78	76	78	81	83	83	82	76	82
L A 2784	73.8	117	0.78	0.78	11.2	1.59	53	57	60	65	74	83	87	91	53	55	57	64	78	85	89	94	52	56	56	63	77	86	89	98	54	59	59	62	75	84	90	100	62	63	61	67	79	87	89	100	62	64	65	72	81	89	96	99	62	63	66	73	80	87	90	95	63	65	68	73	79	85	88	92
L A 2805	72	156	2	1.95	11.1	2.17	62	60	67	70	80	90	91	98	62	63	66	69	80	87	91	98	64	67	69	70	80	88	93	100	65	68	72	72	84	92	95	100	66	69	73	75	86	91	96	100	68	71	73	76	86	91	95	100	68	69	74	76	84	89	93	99	65	66	71	74	78	85	88	94
L A 2820	85.3	127	2.85	23.24	12.1	1.49	59	57	61	66	75	81	82	94	54	54	57	62	73	77	80	87	55	55	58	62	74	77	80	89	57	59	60	63	74	82	86	93	60	61	63	66	77	85	89	95	62	61	63	67	81	86	90	99	66	65	67	71	83	90	92	99	72	70	73	77	88	95	95	100
L A 2833	92.6	208	2.38	4.53	12.4	2.25	79	78	78	78	84	85	88	97	69	65	67	69	78	83	86	95	70	65	69	71	80	86	88	97	72	66	70	70	78	86	88	97	71	67	71	71	79	86	87	97	73	70	73	78	86	87	87	99	80	77	78	82	87	90	90	100	87	83	84	85	92	96	95	99
L A 2842	84.3	214	1.42	2.28	11.7	2.54	77	78	84	88	84	80	83	100	74	74	78	80	78	75	77	92	77	77	77	75	74	73	76	90	81	79	77	71	70	74	76	91	82	82	80	76	73	76	78	91	83	85	85	84	82	80	80	91	88	88	90	92	88	86	86	96	95	93	95	94	91	92	91	100
L A 2892	92.2	167	0.33	0.45	12.7	1.81	71	69	73	76	74	73	78	89	64	65	68	72	73	73	78	86	63	67	69	71	74	74	80	88	64	67	71	70	74	75	80	91	65	68	73	72	76	79	84	92	66	70	74	76	80	83	86	94	72	71	77	81	84	86	90	97	79	80	86	90	90	92	95	100
L A 2902	84.3	176	0.89	1.63	11.9	2.09	71	74	78	81	85	87	87	100	63	66	70	74	77	80	83	94	63	67	68	69	75	80	86	93	64	67	69	67	72	81	85	92	64	67	69	69	75	82	86	90	65	69	74	77	81	86	86	91	69	69	75	81	85	85	83	90	76	79	83	89	92	95	90	92
L A 2933	85.3	146	3.25	5.72	12.3	1.71	76	76	84	83	86	85	78	85	71	69	71	72	74	69	70	78	73	73	73	72	73	70	70	79	76	75	72	67	69	71	72	80	78	79	75	69	70	72	74	82	81	83	82	80	80	77	77	87	83	80	86	85	86	81	81	90	90	93	100	98	100	95	87	94
L A 2936	79.9	86.1	2.28	4.02	12	1.08	68	63	71	78	81	86	88	100	55	52	59	70	76	81	87	94	55	53	55	65	73	79	80	97	53	49	54	58	66	74	56	95	51	49	53	58	68	76	82	94	49	46	51	64	74	79	85	92	52	47	54	66	75	82	82	87	56	52	58	64	73	79	78	84
L A 2954	90.9	120	2.47	4.51	12.6	1.32	55	57	59	64	74	79	82	91	55	57	59	63	74	79	83	91	58	61	65	67	78	83	87	94	62	65	67	69	80	88	90	97	65	67	70	73	82	89	91	99	67	66	72	75	84	88	89	98	69	68	70	76	84	87	90	99	73	74	78	85	91	92	93	100
L A 2955	86.8	118	2.89	7.07	12.4	1.36	54	50	53	58	65	71	76	89	54	52	55	61	71	76	79	89	55	56	61	65	76	83	85	94	59	60	64	67	78	89	91	97	61	62	67	70	80	91	94	99	63	65	68	73	82	90	94	99	65	64	66	72	79	86	91	97	65	67	70	74	81	91	92	100
L A 2956	90.8	154	3.03	5.3	12.4	1.7	64	63	69	74	80	84	89	100	57	58	63	68	74	80	83	93	59	61	66	69	78	82	84	93	62	64	66	69	77	84	85	94	63	56	66	72	77	83	85	93	64	66	70	75	80	81	85	92	67	67	70	75	79	82	86	93	68	71	72	76	79	83	88	95
L A 2963	86.4	125	3.92	6.86	12.2	1.45	75	75	73	73	70	75	75	93	71	74	74	74	76	77	81	93	72	78	78	77	80	79	85	96	74	80	82	80	82	83	87	100	74	81	82	80	82	83	89	100	74	78	80	79	82	83	90	98	72	72	74	75	79	80	85	97	76	71	72	70	76	81	84	94
L A 2964	88.3	120	3.86	6.5	12.3	1.36	73	71	72	74	76	74	78	94	69	70	71	73	77	76	85	97	69	74	74	73	77	78	86	100	70	74	72	71	75	77	84	100	69	70	69	72	74	76	83	97	67	69	66	70	74	76	82	91	67	65	59	71	74	75	80	88	69	66	63	68	70	72	76	84
L A 2977	80.2	92.1	0.53	0.88	11.6	1.15	70	70	73	72	70	73	75	90	76	78	80	79	77	77	79	93	82	84	83	81	82	82	87	95	84	87	88	85	87	86	89	96	83	87	91	91	92	89	92	98	85	89	91	91	95	94	96	98	86	86	90	94	96	94	95	100	83	81	83	86	87	95	95	100
L A 3004	99.6	218	1.3	2.94	12.2	2.19	66	67	73	79	75	63	67	82	66	68	74	80	75	65	68	78	69	73	78	81	78	70	75	81	74	77	79	84	81	76	79	85	78	83	84	87	85	80	83	87	83	88	90	90	89	86	87	90	87	90	92	94	92	88	87	94	90	90	93	94	91	92	93	100
L A 3005	98.7	118	0.41	1.02	12.4	1.2	54	57	60	64	69	79	87	100	55	61	64	69	77	83	89	97	57	64	63	66	76	85	93	99	56	64	61	65	76	84	93	99	54	62	61	63	73	84	93	97	51	60	59	63	71	82	92	96	49	56	58	62	70	79	88	94	45	49	49	52	60	71	79	87
L A 3006	111	311	3.31	16.01	12.6	2.8	54	58	61	61	71	82	88	95	48	52	55	56	67	75	83	91	49	54	57	60	69	74	82	92	51	55	60	64	72	77	83	93	53	59	63	66	74	77	83	93	56	61	64	66	74	77	84	92	60	61	64	66	75	78	84	93	70	75	76	77	88	99	97	100
L A 3008	89.7	134	0.45	0.8	12.4	1.49	68	60	61	68	78	86	85	96	61	58	60	66	77	82	83	91	61	60	62	67	78	83	84	93	62	60	63	66	76	82	86	95	62	61	64	67	75	81	87	95	64	63	65	69	78	81	85	93	67	65	68	73	80	82	83	94	78	72	75	78	83	83	84	100
L A 3009	82.2	120	0.46	0.68	12.1	1.46	60	60	66	72	73	77	81	93	54	59	64	67	73	74	78	86	55	62	67	69	74	75	80	87	61	67	72	73	78	80	83	88	65	70	76	76	81	82	86	91	67	73	76	80	84	85	90	93	73	75	77	83	89	90	92	95	80	79	82	88	93	97	98	100
L A 3010	95.8	291	0.82	1.99	12.4	3.04	71	64	67	71	75	70	78	86	68	64	67	69	71	69	74	84	71	67	71	74	75	73	75	85	74	73	78	77	78	76	77	86	78	78	82	83	83	80	83	88	79	80	85	89	91	85	87	90	76	72	87	94	93	89	91	94	83	84	91	98	99	99	99	100
L A 3011	80.9	106	0.35	0.6	12.1	1.31	54	62	71	84	86	87	83	92	56	63	71	79	86	81	78	87	62	70	78	85	89	86	84	92	69	75	83	88	90	88	85	95	73	77	84	90	90	86	85	95	76	76	82	89	90	83	83	93	78	75	79	87	88	80	81	94	86	78	84	87	87	82	84	100
L A 3013	101	189	0.48	1.03	12.6	1.87	74	74	81	86	89	85	78	87	66	68	74	80	82	80	74	80	67	67	71	75	77	76	74	81	69	68	72	74	75	76	76	83	70	71	74	77	77	76	78	82	71	73	76	82	81	78	78	85	73	74	79	86	87	80	78	85	85	85	76	95	100	94	87	92
L A 3014	99.9	201	0.46	0.91	12.9	2.01	65	67	70	76	82	84	74	81	59	64	71	76	78	75	72	77	63	69	73	78	76	74	75	81	65	70	77	80	79	78	78	84	68	74	82	86	84	81	80	85	70	75	81	88	88	83	81	84	73	74	79	89	90	84	83	84	84	80	86	99	100	96	92	92
L A 3017	83.1	204	0.2	0.36	11.8	2.45	66	65	67	77	85	92	96	100	58	56	56	66	77	85	91	96	60	61	60	64	76	86	92	99	62	61	59	61	73	83	87	96	62	60	61	60	72	81	84	93	61	60	61	66	74	82	86	92	59	59	61	66	75	81	85	89	59	60	64	67	76	82	85	87
L A 3018	82.8	235	0.2	0.4	11.8	2.84	64	59	61	68	79	87	88	94	58	55	57	65	76	81	87	90	61	59	60	65	76	82	90	94	62	60	61	65	75	85	93	98	62	60	61	66	77	87	94	99	62	61	63	71	80	86	94	100	63	62	65	74	83	87	91	99	71	71	74	78	87	91	91	97
L A 3019	83.9	236	0.57	1.51	11.8	2.81	60	64	68	76	84	88	89	98	55	59	63	69	76	80	83	92	57	59	63	65	74	80	83	94	60	62	64	64	71	80	84	95	61	63	66	67	74	81	85	97	65	64	67	73	79	82	86	98	66	67	69	77	82	84	87	97	74	75	79	84	88	90	91	100
L A 3020	76.7	143	0.37	0.38	11.6	1.86	67	62	61	66	78	82	79	93	64	62	59	67	76	79	81	88	68	65	64	65	73	78	82	91	72	66	63	62	71	78	83	93	76	73	69	69	75	81	86	94	79	79	78	76	84	89	91	95	80	80	85	87	91	93	91	95	83	86	91	93	92	100	95	97
L A 3021	83.4	237	0.23	0.48	11.7	2.84	92	86	94	96	100	95	88	99	85	82	88	87	90	86	83	91	93	86	89	83	86	84	82	93	96	90	88	79	80	83	83	92	96	90	88	80	82	84	84	94	95	88	86	86	86	87	89	95	95	88	87	89	92	92	92	95	100	96	96	97	98	99	98	97
L A 3022	79.4	233	0.19	0.3	11.8	2.93	84	84	85	88	83	83	82	93	78	76	78	82	81	78	78	90	83	77	80	81	80	79	78	92	85	78	79	78	78	80	78	91	86	82	82	80	81	82	80	90	86	85	89	88	89	85	85	93	88	85	89	93	91	86	88	93	95	90	95	100	98	94	94	100
L A 3024	88.6	283	0.21	0.48	12	3.19	72	71	68	70	73	74	76	83	66	65	63	65	70	68	71	79	70	64	60	61	67	67	68	80	73	66	61	61	65	68	71	84	77	71	69	67	69	72	76	88	80	76	77	76	77	77	79	91	84	79	81	85	84	82	85	93	98	93	96	98	97	95	95	100
L A 3025	83.6	167	0.14	0.21	11.5	2	72	68	67	76	82	84	83	90	64	62	62	72	80	81	81	87	62	60	61	72	80	82	80	90	62	57	60	71	76	79	78	89	64	60	63	74	80	81	80	90	69	67	71	81	88	87	84	94	78	77	79	86	94	92	91	98	82	82	85	86	92	94	95	100
L A 3028	94.7	176	1.38	2.16	11.9	1.86	65	57	58	63	73	82	87	98	55	52	56	60	71	80	85	96	54	55	58	59	74	84	88	97	48	57	60	57	72	87	90	99	48	56	61	62	75	86	92	100	51	56	61	64	77	85	89	98	59	58	61	68	77	81	87	96	65	58	59	68	75	79	85	95
L A 3030	88.4	153	0.5	1.04	12.1	1.73	63	60	61	66	79	83	85	100	59	59	60	65	78	78	81	93	60	61	64	67	80	82	84	94	60	61	65	67	79	86	88	96	60	60	64	67	81	87	90	95	59	59	61	69	81	86	89	93	62	58	60	67	78	83	88	91	66	58	60	65	76	84	88	91
L A 3033	97.7	152	0.57	0.99	12.7	1.56	60	58	60	66	71	78	86	96	56	57	59	63	73	80	87	93	58	57	57	61	72	82	94	98	60	60	59	61	72	83	96	98	62	63	61	64	73	82	96	100	63	63	63	66	73	82	94	98	66	62	63	66	72	77	86	93	67	63	62	63	67	71	80	88
L A 3034	97.6	197	0.55	1.04	12.7	2.02	71	64	64	68	73	81	87	99	66	63	62	69	76	80	85	95	69	65	69	72	79	84	87	95	72	70	72	74	81	87	91	99	73	69	73	75	83	87	91	97	74	60	73	77	85	86	89	95	77	70	72	78	83	84	89	96	82	76	77	80	84	88	92	100
L A 3037	98.2	145	0.28	0.39	12.3	1.48	80	67	70	70	68	72	81	96	70	64	66	68	68	71	78	94	70	64	68	69	71	74	82	96	71	67	71	72	75	76	84	98	72	68	73	75	77	78	85	99	69	69	75	77	80	81	87	99	75	71	77	79	80	80	87	100	79	73	76	78	79	78	88	100
L A 3038	89.5	123	0.21	0.38	12.2	1.37	68	61	63	67	67	68	70	85	58	59	64	64	69	69	73	84	61	66	70	72	73	75	79	89	65	69	71	76	77	80	85	94	68	71	75	79	79	81	87	97	69	72	76	79	81	81	87	95	74	71	74	81	82	80	82	96	82	78	79	82	81	80	82	100
L A 3039	96.1	137	0.31	0.51	12.2	1.43	69	64	65	69	69	71	75	89	68	70	75	78	79	81	85	91	70	78	83	81	84	88	93	95	75	84	86	87	88	89	96	98	78	87	88	90	90	92	97	100	77	88	89	90	89	91	97	99	76	81	85	88	87	86	89	95	78	81	80	81	79	81	84	95
L A 3040	101	244	0.6	1.26	13.2	2.42	77	71	72	78	78	77	78	89	74	71	73	79	81	79	79	87	75	77	79	86	88	84	85	91	78	81	84	89	92	90	88	94	78	83	86	89	93	91	91	93	82	86	87	91	94	95	93	96	86	86	87	89	91	94	96	98	89	87	88	89	91	95	99	100
L A 3041	108	227	1.39	2.64	13.2	2.1	87	82	82	83	79	84	86	97	80	83	85	88	84	88	91	100	78	86	86	88	88	94	96	100	80	85	85	87	89	94	97	97	81	85	85	83	82	91	98	96	82	83	83	82	81	86	92	95	82	76	75	76	74	76	85	89	74	68	65	64	62	66	73	76
L A 3042	108	213	1.03	2.06	13	1.97	88	83	84	83	87	93	89	89	80	79	84	87	90	92	88	87	80	85	91	93	94	93	91	90	80	85	91	92	95	98	94	92	80	86	90	91	95	99	97	92	84	86	90	90	93	99	100	95	84	83	89	92	92	95	95	93	84	84	89	89	91	100	94	94
L A 3043	102	192	0.65	1.29	12.9	1.88	85	76	76	78	77	79	78	79	85	79	81	81	82	83	79	78	90	86	88	86	88	87	84	80	92	92	95	92	93	94	83	77	92	92	97	93	96	93	83	80	92	88	91	91	96	96	91	85	91	86	87	90	93	97	92	86	92	88	89	90	93	100	96	88
L A 3045	82.6	107	0.59	0.95	12.1	1.3	84	84	88	91	86	89	92	94	78	77	83	88	89	89	90	88	83	81	87	91	94	94	94	92	88	85	89	96	100	94	89	88	89	74	90	96	100	93	87	87	90	82	91	93	95	97	92	85	94	86	88	91	91	97	97	83	94	87	84	87	83	92	99	87
L A 3046	94.7	148	0.24	0.41	12.5	1.56	89	85	85	84	82	83	82	85	85	86	89	89	90	91	89	89	85	86	87	88	91	93	94	97	86	86	90	89	91	93	95	100	86	85	91	89	90	92	93	97	85	85	90	88	89	91	90	92	87	85	88	88	88	87	88	89	88	84	85	85	83	81	82	84
L A 3047	73.6	152	0.42	0.53	11	2.07	85	81	84	88	93	90	85	90	78	76	79	84	85	82	80	85	80	79	83	83	82	87	84	88	83	79	84	80	85	88	84	91	84	81	88	84	88	89	84	87	85	82	88	94	96	91	85	84	87	86	91	96	96	91	87	87	90	91	98	100	95	93	91	90
L A 3048	75.3	136	0.24	0.43	11.2	1.81	99	92	91	89	89	90	89	100	91	85	86	86	84	81	79	86	91	83	84	84	83	76	73	82	89	79	81	80	79	75	70	80	86	76	78	77	77	71	68	76	86	78	79	81	79	72	70	76	87	80	81	80	81	75	76	78	89	81	84	82	81	80	81	84
L A 3049	83.5	190	0.45	1.03	11.5	2.28	95	94	98	99	96	89	93	100	79	77	84	86	85	83	86	90	79	75	79	81	81	80	82	87	80	70	73	75	76	78	77	88	84	72	75	76	64	71	79	87	90	77	78	83	67	72	80	89	94	84	86	89	89	87	87	91	96	88	89	92	89	87	88	95
L A 3050	73.1	183	1.42	2.21	11.4	2.5	68	64	61	70	87	88	86	100	59	55	55	62	80	84	85	96	56	49	51	58	77	81	80	92	54	47	46	52	73	81	79	89	53	49	45	52	71	76	79	84	53	49	47	57	72	78	81	80	55	49	51	65	73	82	86	81	51	43	52	66	72	83	89	82
L A 3051	72.6	140	0.28	0.46	11	1.93	64	64	68	70	90	84	98	99	61	60	64	69	86	88	96	97	62	60	62	67	84	87	95	96	60	58	62	64	81	87	91	92	62	59	65	70	83	88	91	92	65	63	67	74	86	89	94	95	69	67	71	78	88	95	97	95	69	66	70	83	91	97	98	100
L A 2700	79.1	263	0.45	0.64	11.7	3.32	75	77	83	89	96	94	95	100	64	63	72	77	84	86	90	95	68	68	72	75	84	89	93	96	68	69	73	75	84	88	88	100	70	68	73	76	83	83	86	98	69	70	74	77	83	84	87	98	70	68	74	79	83	84	89	98	77	76	81	85	87	89	93	100
L A 2702	86	390	3.44	20.99	11.8	4.53	66	81	83	84	88	91	86	87	50	50	52	55	64	69	73	80	52	51	51	52	62	69	70	81	54	53	52	53	61	69	71	81	57	56	55	56	64	71	73	83	60	58	58	60	68	77	79	87	62	61	65	65	74	81	83	87	71	78	83	83	91	100	97	95
L A 2703	82.9	368	0.95	1.97	11.8	4.44	78	86	89	87	94	95	92	93	62	63	65	64	71	77	80	86	63	62	64	63	70	75	77	86	64	63	65	63	70	75	77	85	68	64	65	66	72	76	78	85	70	67	69	69	75	79	79	87	72	69	72	72	80	83	85	90	79	84	88	88	96	98	99	100
L A 2704	74.8	203	0.53	1.58	11.4	2.71	63	67	72	75	81	82	83	96	60	63	67	73	78	78	78	89	66	64	69	76	80	76	74	87	70	65	69	76	81	77	76	89	72	67	72	77	82	81	77	93	75	73	75	81	86	85	83	95	78	77	79	84	89	91	91	95	86	87	89	94	98	100	93	95
L A 2705	79.7	314	1.2	1.77	11.5	3.94	77	79	83	87	96	94	89	100	59	65	70	75	83	80	81	89	48	66	70	74	80	80	86	97	65	68	70	73	78	81	88	98	66	68	69	70	77	80	86	96	66	66	69	71	76	78	85	96	62	63	68	71	75	75	72	79	66	69	71	74	79	80	76	83
L A 2706	87.8	351	0.47	1.23	11.9	4	71	79	85	87	84	83	68	69	62	64	70	73	71	65	60	61	63	65	68	68	68	64	56	60	64	64	65	62	63	62	54	60	64	64	64	61	64	64	58	62	62	61	64	66	66	67	62	65	62	60	67	70	71	70	66	67	76	78	91	96	100	94	85	78
L A 2708	77	252	0.52	9.15	11.3	3.27	88	87	94	100	100	96	86	86	76	70	72	75	76	74	69	71	80	74	70	67	69	70	66	73	79	71	66	61	62	65	61	69	79	69	65	61	62	62	57	65	76	67	65	65	67	63	54	62	64	63	65	68	71	67	58	61	52	66	65	70	73	70	63	65
L A 2709	87.2	338	0.48	0.96	11.8	3.88	81	86	85	85	89	87	75	74	70	69	72	72	76	74	68	69	74	74	73	70	72	73	68	72	78	77	72	67	69	74	72	73	76	77	73	69	70	76	73	76	77	75	76	76	76	78	76	77	74	71	78	81	82	79	73	75	83	85	91	96	100	93	80	87
L A 2711	71.8	199	0.49	0.52	11.2	2.77	61	61	71	79	89	90	88	100	57	55	60	69	78	81	84	95	60	58	61	67	78	83	85	98	61	59	61	62	73	81	84	97	64	61	63	64	74	80	82	96	62	62	65	71	80	81	81	94	57	60	66	73	81	84	87	96	65	69	75	79	86	90	94	99
L A 2712	80.5	285	1.64	2.09	11.8	3.54	68	71	75	73	79	87	90	93	61	59	62	62	71	78	81	87	62	57	58	57	68	74	76	88	63	57	55	54	64	74	77	89	62	60	58	55	65	75	79	90	63	62	63	62	72	81	84	91	63	63	68	71	80	84	86	92	73	75	79	81	88	93	94	100
L A 2715	77.3	320	1.57	3.54	11.4	4.14	67	70	76	77	82	86	81	86	59	59	64	65	73	76	75	79	62	60	61	59	69	77	80	84	65	64	61	58	67	79	81	87	67	68	66	63	71	81	86	89	70	68	70	70	79	85	86	89	71	69	76	79	86	88	86	89	78	78	86	91	100	98	96	97
L A 2717	69.2	183	1.04	1.64	11.2	2.64	67	68	72	79	84	85	81	91	61	63	67	73	79	81	79	86	66	68	68	69	74	83	87	91	71	71	68	66	72	84	91	96	73	74	71	70	76	87	92	97	76	80	78	79	86	92	94	97	79	80	83	90	96	95	90	94	86	86	88	95	100	100	93	97
L A 2723	89.5	466	4	7.15	12	5.21	84	85	88	91	96	94	85	87	73	69	71	73	77	74	73	78	77	74	74	71	75	77	76	83	80	77	75	69	73	77	78	85	78	78	76	70	74	77	77	85	77	77	76	76	78	78	78	86	77	76	79	80	82	77	78	87	84	93	95	96	100	96	88	98
L A 2724	82.8	295	1.09	3.33	11.7	3.56	91	89	95	98	100	95	88	95	73	71	76	79	85	81	80	87	72	69	76	79	84	77	74	88	72	65	74	80	83	73	70	86	72	64	74	79	82	68	68	85	74	71	77	81	82	73	71	88	77	76	81	83	85	80	82	91	86	85	91	96	94	91	87	94
L A 2725	76	223	0.59	0.89	11.7	2.93	76	80	84	85	81	74	68	75	68	68	75	75	75	68	64	71	71	71	79	79	80	69	65	75	74	74	83	81	82	74	67	80	78	79	88	86	89	81	74	84	79	83	88	91	93	87	81	86	82	81	87	90	91	86	82	88	87	89	93	98	100	97	86	93
L A 2726	79.9	202	0.38	0.79	11.9	2.53	85	82	89	95	93	85	80	91	76	76	80	87	88	83	81	90	82	81	86	88	90	87	83	94	88	80	87	89	90	86	83	96	92	81	86	91	91	83	81	94	94	83	85	90	92	86	83	92	95	82	83	88	91	89	86	92	100	90	89	91	94	92	87	91
L A 2731	90.3	272	0.25	0.45	12.1	3.01	63	67	62	60	73	84	87	97	52	51	50	54	62	72	75	92	53	45	47	51	61	70	73	92	53	45	46	50	62	70	74	92	54	46	48	52	62	70	75	91	53	52	53	57	68	74	76	89	53	56	57	63	71	77	81	90	57	64	71	78	87	90	92	100
L A 2733	85.8	267	0.78	1.91	11.8	3.11	64	61	61	62	74	86	87	99	61	52	52	55	70	79	85	94	66	56	54	56	69	79	81	95	69	62	56	53	67	79	85	97	73	64	58	58	73	83	87	97	72	64	62	65	80	87	89	97	72	65	65	72	83	87	90	96	77	74	75	80	90	97	98	100
L A 2736	76.8	222	0.84	1.66	11.9	2.89	62	64	67	72	74	75	74	81	54	52	53	57	62	66	70	78	55	53	54	57	64	68	70	82	55	52	54	56	62	69	71	83	53	54	56	59	65	72	73	84	61	59	61	64	72	75	74	86	63	63	65	69	76	79	80	87	71	80	82	90	94	100	93	94
L A 2740	72.8	186	0.93	1.19	11.4	2.55	65	64	69	74	84	91	88	100	57	53	55	60	69	75	78	90	59	55	54	54	64	72	74	89	63	56	54	52	60	70	73	83	68	59	55	54	60	69	72	81	69	61	60	59	65	69	69	81	73	66	64	66	72	75	75	85	86	86	87	88	93	97	95	99
L A 2741	77.9	137	1.17	1.59	11.9	1.76	76	75	79	85	91	91	89	97	66	65	68	73	79	79	77	87	64	64	65	67	71	70	74	85	65	61	60	60	62	68	74	85	64	61	59	59	63	66	73	86	62	63	63	64	69	71	75	86	63	63	66	72	75	73	76	90	67	71	76	82	85	83	87	100
L A 2742	89.1	260	1.31	3.33	12.3	2.92	79	87	89	90	92	95	88	100	67	65	67	68	71	71	71	87	69	64	68	69	72	70	68	86	70	65	69	67	70	71	71	86	72	66	69	69	72	74	72	85	73	65	68	70	74	72	72	86	75	70	70	71	75	75	76	89	81	81	81	80	80	83	82	89
L A 2743	91.9	282	1.62	2.28	12.5	3.07	55	56	58	55	56	57	55	62	47	45	47	48	49	47	44	56	48	45	49	50	53	50	43	56	50	48	51	49	53	54	42	54	53	51	54	51	56	58	55	65	55	54	56	57	60	59	59	69	58	57	60	61	62	60	62	70	77	95	98	100	97	96	87	81
L A 2744	88.3	244	1.71	3.56	12.4	2.76	63	67	73	71	70	70	63	75	54	54	58	59	60	57	58	68	57	58	62	61	63	61	61	73	61	61	65	62	63	66	65	76	63	62	67	63	66	68	67	78	67	64	69	68	69	67	67	81	72	67	72	73	73	69	67	83	86	91	100	100	96	91	82	95
L A 2745	89.6	236	1.15	2.37	12.2	2.63	66	67	70	72	80	86	85	99	55	56	62	66	76	79	81	93	58	57	61	67	78	80	82	93	59	60	63	66	75	83	85	95	57	59	62	66	76	82	87	97	56	56	60	67	78	82	86	96	59	58	60	67	78	84	86	97	71	68	68	72	84	94	90	100
L A 2746	103	311	1.81	2.69	12.6	3.02	72	65	65	70	82	88	92	100	66	60	61	66	81	85	89	97	66	64	67	67	85	89	89	97	64	63	67	69	81	88	90	95	62	62	67	69	81	87	88	93	63	61	65	70	83	85	84	90	64	60	63	69	81	83	82	89	71	75	77	82	89	92	88	92
L A 2747	96.1	290	0.85	0.91	12.8	3.02	50	52	56	59	65	71	72	85	46	46	49	53	59	64	66	77	47	47	51	55	62	66	67	78	49	50	54	56	62	70	70	78	52	53	56	59	65	72	73	79	53	55	59	64	69	75	76	83	55	57	61	68	73	76	77	86	66	71	75	88	94	95	91	100
L A 2748	86.1	193	1.02	1.57	12.2	2.24	66	68	73	80	86	89	86	97	61	60	65	72	79	81	82	90	63	63	70	77	83	87	85	92	65	65	72	76	83	90	87	93	67	66	71	78	85	90	87	93	68	65	71	79	87	87	85	92	70	68	72	79	83	87	87	93	77	78	81	84	83	97	94	100
L A 2749	86.5	266	1.35	2.86	12.2	3.08	62	61	66	70	67	66	66	76	58	56	61	64	62	60	61	73	60	58	65	67	67	64	64	76	63	62	69	68	68	69	68	80	65	65	72	71	72	72	71	81	66	66	70	73	75	73	75	82	67	68	73	75	76	72	77	84	78	91	97	100	98	94	89	92
L A 2754	98.9	282	1.2	2.13	12.6	2.85	67	73	77	79	82	83	74	84	59	63	68	71	73	73	72	81	60	64	69	71	74	74	74	82	59	64	67	67	74	77	77	86	60	65	69	71	76	82	82	91	65	65	71	74	80	84	83	94	71	70	74	79	86	87	86	98	83	84	86	93	99	99	94	100
L A 2756	73	222	0.65	1.5	11	3.04	82	92	96	95	93	93	81	87	73	80	86	85	84	82	75	79	75	78	80	83	84	81	75	80	76	76	82	82	83	81	74	81	77	77	83	85	85	82	77	83	79	83	88	90	90	85	81	87	83	88	93	94	94	91	87	92	86	93	99	100	97	92	90	97
L A 2757	77	229	0.95	23.82	11.1	2.97	70	77	79	79	76	74	64	68	61	61	63	63	61	58	59	64	65	62	64	61	61	59	59	66	69	65	67	62	61	60	61	69	73	68	70	66	63	61	63	70	76	74	75	72	69	66	67	72	80	78	82	81	77	72	69	73	90	89	97	100	89	82	78	77
L A 2758	82.2	230	2.25	6.9	11.3	2.8	62	66	70	79	80	83	85	97	53	57	59	64	72	78	83	92	56	59	59	63	72	80	87	96	56	58	59	61	69	80	87	97	57	58	60	63	71	81	86	98	57	60	62	67	75	83	91	100	59	60	65	70	77	84	91	100	62	64	66	71	77	82	85	98
L A 2759	66.4	89.7	0.92	19.53	10.7	1.35	51	50	51	56	65	74	74	82	51	50	52	56	66	73	73	79	54	55	55	57	68	71	71	84	56	57	57	58	67	73	75	87	60	61	61	65	75	78	80	91	63	66	67	72	80	84	86	91	64	65	68	74	83	85	87	93	67	66	68	72	82	86	88	100
L A 2760	70.3	101	0.33	0.36	11.1	1.44	51	52	55	56	65	70	71	81	50	51	51	55	67	70	71	78	54	55	54	55	68	74	76	80	58	57	56	58	70	75	77	84	62	59	60	62	75	81	82	90	63	63	64	69	80	86	85	92	66	63	66	72	83	87	90	95	71	68	72	71	86	89	91	100
L A 2761	68.6	159	0.28	1.16	10.9	2.32	72	72	76	84	89	95	94	100	67	68	71	80	87	90	92	97	68	69	71	76	84	88	91	98	67	68	68	76	82	86	90	97	67	69	73	77	82	88	90	97	66	69	74	80	86	92	93	97	67	69	75	83	90	92	93	97	74	75	83	90	95	98	97	100
L A 2762	81.7	255	0.32	0.4	11.3	3.12	80	81	86	89	85	79	76	88	72	76	80	85	85	79	78	88	74	77	82	86	88	82	82	92	74	76	80	84	87	84	83	94	75	76	80	84	88	85	85	96	73	76	81	85	89	86	86	97	76	78	83	87	91	89	89	97	86	89	93	98	100	99	93	100
L A 2765	75.7	169	0.26	0.51	11.4	2.23	84	80	83	84	84	80	74	84	78	78	80	83	85	79	75	84	82	84	86	83	87	83	80	88	84	86	86	81	84	85	82	89	84	86	88	84	84	86	83	88	82	83	89	88	89	87	83	88	81	81	88	91	91	88	84	88	83	88	94	96	100	98	91	94
L A 2766	74.7	186	0.39	0.48	11.3	2.49	88	83	89	100	96	95	89	93	79	75	77	86	87	85	84	87	81	78	80	82	84	86	85	90	85	83	83	78	78	83	84	92	85	84	84	78	79	82	85	91	83	84	85	82	84	83	85	94	85	83	84	86	84	82	85	92	86	86	88	89	85	84	87	94
L A 2767	72.5	226	0.45	1.51	11.1	3.12	74	68	71	69	69	71	67	71	68	63	64	64	65	63	63	67	74	67	67	64	65	65	63	70	77	71	68	62	63	68	66	73	76	72	72	65	67	70	69	75	74	73	74	74	75	74	72	76	73	73	77	80	80	77	73	76	79	86	92	100	99	95	85	82
L A 2799	77.9	153	3.13	3.24	11.4	1.96	73	77	78	77	84	91	91	99	65	67	69	70	82	87	91	96	66	70	72	73	86	90	92	98	65	67	71	75	86	90	93	99	65	65	71	76	86	89	92	98	64	69	74	76	86	92	91	98	63	70	76	75	85	93	94	99	66	71	76	67	78	91	93	100
L A 2800	77	153	2.17	2.27	11.1	1.99	68	66	65	67	76	84	85	96	63	62	61	66	75	81	86	95	65	61	60	67	75	80	87	98	68	65	63	67	75	81	85	99	71	68	66	71	77	82	86	99	72	68	68	74	81	85	90	100	72	69	71	77	85	87	88	98	70	70	72	77	84	87	87	95
L A 2806	101	189	0.59	1.04	12.9	1.87	66	66	70	74	80	84	87	99	64	67	73	77	86	87	88	97	66	63	68	76	84	84	83	97	68	64	68	74	82	78	79	93	71	66	70	75	84	85	84	97	72	72	78	80	91	88	86	100	74	71	73	80	90	89	92	100	77	76	75	82	86	86	87	97
L A 2807	97.8	225	0.65	1.27	12.8	2.3	67	70	74	79	86	86	89	96	64	72	76	84	93	93	95	96	68	75	83	91	98	99	96	100	69	77	84	90	96	100	98	100	70	79	85	89	96	98	96	99	72	78	86	93	98	98	94	98	76	81	85	92	95	96	97	99	76	78	84	89	89	92	93	95
L A 2808	89.6	169	0.83	1.25	11.5	1.89	95	96	100	96	94	90	83	92	88	93	94	90	88	85	85	91	93	95	91	88	87	82	89	93	95	96	88	87	89	83	88	96	91	93	88	86	89	85	90	98	86	89	87	86	90	88	91	100	82	86	88	88	93	91	88	97	87	88	91	89	93	91	85	99
L A 2809	89.1	161	2.1	6.66	11.1	1.81	100	92	95	95	84	75	70	81	83	90	88	88	83	78	76	80	84	94	91	86	85	80	82	86	94	96	91	86	86	83	86	91	95	96	90	85	85	83	85	91	92	94	91	86	82	81	83	86	89	92	90	89	85	79	79	81	90	87	88	87	83	77	75	82
L A 2810	83.1	149	0.9	1.32	11.5	1.79	64	63	70	75	75	76	73	86	53	54	60	65	66	65	67	78	54	54	60	61	63	62	64	77	57	57	61	60	63	65	68	79	61	61	64	66	69	70	74	83	65	64	68	74	79	78	78	85	71	71	75	82	89	88	85	87	84	79	86	91	98	100	97	99
L A 2811	99.3	245	1.01	1.61	12.6	2.47	74	73	78	81	85	88	86	97	67	68	72	75	79	79	83	92	69	72	73	75	79	79	82	91	68	71	75	75	78	79	83	88	72	72	76	78	80	79	82	90	77	75	79	84	85	82	83	93	83	79	82	88	89	88	89	97	92	87	92	94	96	96	95	100
L A 2813	69.5	162	0.54	1.03	10.1	2.33	60	58	63	70	75	83	85	100	56	56	58	66	74	82	85	93	59	57	53	59	69	81	90	95	62	57	52	58	69	80	89	98	64	59	54	59	68	78	88	96	65	63	59	63	72	80	89	96	67	64	64	70	78	83	89	94	66	61	61	66	72	79	84	92
L A 2814	88.7	145	0.34	0.29	12.2	1.63	66	71	75	80	87	90	91	99	60	66	69	76	83	85	87	95	59	59	64	72	78	79	81	95	58	60	63	68	74	79	84	96	61	61	65	70	76	80	85	96	62	67	70	75	82	87	89	97	66	67	69	77	85	90	94	99	68	67	70	74	83	88	91	100
L A 2818	77.3	169	0.71	1.05	11.8	2.19	66	63	63	67	71	77	82	93	60	57	59	65	72	76	80	91	63	57	59	66	76	79	81	94	66	61	63	66	76	84	86	97	67	62	66	70	80	86	89	98	67	65	67	72	82	80	82	100	71	67	69	74	83	84	86	99	76	74	75	79	85	94	93	100
L A 2819	97.1	258	0.82	1.43	12.8	2.66	64	60	55	55	62	74	80	92	57	50	51	53	61	70	78	88	62	55	54	56	64	72	81	89	68	65	60	59	68	76	83	92	73	70	68	65	73	81	88	95	76	73	72	73	79	85	92	100	75	75	76	78	82	87	92	100	77	78	80	79	82	87	90	97
L A 2822	88.7	213	1.55	2.06	12.3	2.4	78	84	86	87	86	82	84	100	72	69	74	76	77	75	78	94	71	65	74	79	81	76	78	95	68	63	74	79	82	79	78	95	65	63	71	76	81	79	80	95	68	66	70	77	82	76	86	94	72	68	71	77	83	85	87	93	80	76	78	83	91	94	94	96
L A 2824	85.3	225	1.92	2.6	12.1	2.64	70	71	76	79	80	79	76	86	61	61	65	68	70	68	70	78	61	58	64	70	71	62	62	76	61	58	65	71	71	63	63	73	63	62	70	73	74	67	66	78	66	70	75	77	78	74	73	83	70	72	78	79	81	78	79	86	81	89	100	92	96	95	79	74
L A 2826	90.1	153	1	2.13	12.4	1.7	99	97	97	96	98	100	96	94	90	88	89	89	92	91	87	89	88	87	92	93	94	92	88	92	89	85	89	89	90	94	89	92	86	82	87	87	89	91	87	92	84	81	85	87	89	87	83	90	86	79	79	82	84	82	80	85	81	76	74	77	79	80	74	75
L A 2828	106	191	1.37	2.39	13.1	1.8	79	83	87	86	79	77	72	83	79	83	85	88	84	82	81	87	83	86	88	89	89	85	86	97	84	89	88	89	87	87	91	100	82	86	89	89	89	89	90	97	80	80	89	91	89	90	89	92	78	78	89	91	87	92	89	88	79	85	95	97	91	100	90	88
L A 2829	84	125	0.89	0.92	12.1	1.49	63	58	57	70	81	97	92	100	55	53	56	64	75	88	93	100	55	55	57	63	74	83	90	99	55	54	56	60	71	80	82	97	54	54	56	58	69	79	81	93	52	52	55	60	71	79	85	92	55	49	53	55	55	57	56	57	52	50	54	56	52	56	53	53
L A 2830	104	216	1.36	1.99	12.7	2.08	94	98	96	90	87	88	80	86	87	87	89	85	86	84	78	85	93	93	95	89	87	88	85	91	99	97	99	94	89	91	87	93	100	99	100	94	95	94	93	95	96	97	97	95	97	95	94	94	94	93	94	94	95	94	89	92	85	85	96	94	93	94	87	86
L A 2831	92.2	245	1.59	2.34	11.9	2.66	81	77	77	77	83	85	74	79	76	71	71	73	79	78	75	78	79	75	75	78	82	80	75	83	82	78	79	77	81	82	77	85	84	78	80	78	81	81	75	83	82	76	79	80	84	79	74	83	80	77	79	82	84	82	77	83	80	86	90	93	96	100	88	81
L A 2832	89.9	238	2.46	3.54	12.2	2.65	92	95	100	97	96	92	82	84	78	74	75	77	78	75	70	77	74	70	77	76	77	74	63	73	71	71	77	72	71	72	63	71	71	70	75	69	70	70	63	67	69	67	73	73	72	71	64	66	70	65	69	69	71	69	66	65	75	77	80	81	82	82	69	62
L A 2775	99.5	180	0.27	4.07	12.7	1.81	62	67	68	68	74	82	87	100	57	59	60	65	73	81	86	98	57	61	60	67	75	82	89	99	57	62	61	64	74	84	89	99	56	60	61	64	75	81	88	97	54	58	59	64	74	81	86	94	51	55	56	62	72	79	83	91	49	54	54	62	71	78	81	87
L A 2836	78	161	0.81	1.08	12.1	2.06	68	70	76	74	77	90	94	100	59	61	66	64	68	77	82	92	57	59	63	63	66	72	74	88	47	57	62	63	65	71	71	85	49	57	63	64	65	72	74	85	54	57	63	65	65	75	78	87	56	58	64	66	66	74	80	87	60	62	70	70	73	80	85	90
L A 2837	84.3	150	1.27	1.45	12.5	1.78	59	62	69	68	76	88	90	100	55	58	62	41	67	83	89	95	56	59	63	61	73	85	92	96	58	60	65	67	77	88	94	95	59	63	68	72	80	90	94	93	63	66	71	72	79	88	94	93	65	70	75	75	81	88	91	94	69	73	79	80	83	89	93	96
L A 2839	74.9	243	1.12	1.73	11.2	3.24	68	76	78	85	91	97	95	100	64	66	72	77	81	83	85	91	66	68	72	72	77	82	87	90	67	69	71	68	76	83	87	88	69	70	70	67	73	83	87	88	68	68	69	70	76	82	85	87	68	67	70	73	77	81	84	88	72	74	77	79	80	85	90	91
L A 2873	97.8	216	1.07	2.31	13.6	2.21	59	56	59	63	77	82	81	100	53	50	54	57	72	78	81	96	54	52	55	57	70	79	83	97	56	52	54	53	66	80	85	96	56	54	56	55	67	81	83	94	55	55	58	60	72	82	86	94	56	55	60	65	75	81	86	94	59	60	65	69	78	86	90	97
L A 2884	85.9	224	1.99	3.79	11.9	2.61	72	68	69	69	73	81	79	94	61	57	60	63	68	74	77	88	62	59	61	62	67	75	79	90	65	59	62	62	69	77	77	90	65	58	62	64	71	76	77	92	65	58	62	66	73	77	79	92	69	64	66	70	77	84	84	94	79	77	78	81	89	97	92	100
L A 2885	89	283	1.23	2.18	12.4	3.18	72	78	85	84	81	81	71	86	60	60	67	68	68	63	58	73	60	60	66	66	64	57	48	69	61	61	67	64	63	56	46	64	61	63	68	66	65	58	46	65	63	64	69	69	67	60	52	68	62	68	73	72	69	64	59	70	64	94	100	94	89	82	70	77
L A 2886	91.7	243	1.67	3	12.3	2.65	70	75	79	82	76	73	68	84	55	54	60	64	62	58	57	74	56	55	61	62	60	58	57	75	57	51	57	59	57	55	51	70	58	51	58	59	59	55	50	71	59	57	62	62	61	56	52	75	63	62	66	67	65	65	62	76	83	94	100	96	94	99	86	91
L A 2887	86.1	320	3.5	12.73	12.2	3.72	79	84	81	77	76	75	69	82	70	68	69	71	71	66	63	77	69	63	69	71	70	62	56	78	69	63	68	71	70	65	59	79	70	69	74	74	72	68	63	83	77	76	79	78	78	76	73	88	80	78	81	82	82	80	78	89	90	90	96	93	97	98	91	100
L A 2888	75.2	155	0.96	2	11.7	2.06	78	81	87	88	89	92	84	90	69	71	74	77	79	78	76	82	70	72	74	74	78	77	76	80	72	75	75	74	78	79	75	78	76	78	79	78	79	80	76	82	81	72	80	83	85	81	81	86	85	78	82	90	90	87	84	90	93	90	92	94	97	96	93	100
L A 2889	91.4	226	2.02	67.68	12.4	2.47	63	66	70	71	73	80	86	100	54	56	61	64	68	76	82	95	52	56	61	64	68	77	81	91	53	55	61	62	66	77	81	92	56	55	60	63	67	76	81	90	58	58	62	67	69	77	81	90	63	60	62	67	70	75	80	90	68	63	65	71	72	78	83	96
L A 2890	91.9	259	0.29	0.53	12.3	2.82	63	67	72	75	77	90	91	100	57	59	64	66	69	80	87	96	59	62	67	70	73	84	90	99	59	62	68	69	73	85	90	99	59	62	68	69	74	84	91	99	61	63	68	71	76	84	88	96	63	63	66	70	76	83	87	94	70	72	76	79	81	89	91	97
L A 2891	102	147	0.69	1.28	12.5	1.44	62	64	61	60	65	81	87	93	60	64	63	64	69	85	92	94	61	67	67	65	72	87	96	98	65	69	70	67	74	89	94	100	69	73	71	68	73	88	95	100	70	76	76	71	74	87	94	98	71	75	73	72	74	84	91	93	77	79	76	74	77	87	89	91
L A 2894	97.3	306	0.32	0.54	12.4	3.14	54	54	57	61	72	81	81	92	47	47	52	56	65	73	78	89	49	51	54	58	66	75	80	88	51	53	56	57	64	75	81	88	55	55	58	59	67	76	82	89	57	58	62	65	71	76	82	89	61	62	66	70	75	80	84	89	68	75	82	88	93	100	97	95
L A 2895	90.1	186	0.37	0.61	12.2	2.06	66	69	71	76	77	89	85	93	59	58	62	66	69	76	76	84	60	59	65	66	69	75	75	85	62	62	67	55	60	77	77	85	63	63	69	63	67	80	79	86	65	66	73	77	80	83	80	87	67	69	75	79	82	84	85	88	77	82	89	93	98	100	96	98
L A 2896	88.3	148	0.21	0.26	12.3	1.68	77	77	81	82	80	86	79	98	72	73	81	82	82	84	78	93	74	78	83	84	87	85	79	94	75	80	85	85	89	90	81	95	77	80	86	88	90	90	80	95	76	81	86	93	94	90	85	97	79	80	86	94	93	91	86	100	81	79	82	86	86	87	84	98
L A 2898	90.4	176	0.12	0.29	12.3	1.95	87	92	98	100	95	86	74	92	75	76	83	86	82	76	67	79	74	75	82	83	79	73	67	79	73	72	78	79	76	74	68	78	71	70	76	78	76	74	68	79	72	71	76	81	78	75	71	80	77	77	81	86	84	81	74	82	87	86	91	94	94	93	83	92
L A 2899	85.5	115	0.37	0.38	12.2	1.35	72	70	70	71	73	84	92	100	65	66	67	69	72	82	91	97	64	65	65	67	70	81	90	97	64	64	65	65	69	80	89	96	63	63	64	64	68	79	87	93	62	61	62	64	71	82	89	92	64	61	60	65	73	85	90	91	65	61	62	58	70	86	90	95
L A 2901	94.3	202	0.53	1.23	12	2.14	66	65	71	77	73	76	76	85	62	61	65	68	68	69	69	78	65	62	64	65	65	68	68	80	67	63	64	64	67	71	70	82	71	67	67	68	73	77	76	86	71	68	70	73	79	83	83	92	74	70	74	78	81	86	88	95	80	76	79	82	87	91	91	100
L A 2904	75.3	146	0.57	1.03	11	1.94	67	63	65	66	71	77	81	98	61	54	60	64	69	74	81	95	62	58	62	62	68	76	85	98	63	62	63	59	65	76	83	99	65	63	63	62	67	77	85	100	64	63	66	66	70	78	86	99	64	63	66	68	71	77	82	96	66	66	69	70	72	78	84	96
L A 2912	76.9	155	0.38	0.36	11.4	2.02	67	65	69	70	74	87	90	100	63	62	65	66	68	69	66	67	62	64	65	66	69	71	69	70	64	64	66	64	67	71	69	71	64	65	67	66	68	71	69	70	64	65	67	68	70	70	69	70	64	64	68	67	69	69	68	68	71	73	77	71	73	74	69	70
L A 2913	82.5	215	1.75	2.84	11.7	2.61	84	86	95	98	99	100	92	98	78	78	87	90	94	92	87	89	80	81	88	90	95	94	85	88	80	79	86	85	91	97	88	88	80	80	88	87	92	97	89	89	80	80	87	89	93	94	89	87	78	76	83	86	89	89	84	83	79	80	83	91	93	100	91	87
L A 2914	69.3	138	0.94	1.63	11.4	1.99	84	89	97	100	98	96	84	91	75	76	82	85	85	83	78	81	79	82	87	89	88	84	79	82	82	80	87	90	91	86	76	81	82	78	84	91	92	84	73	79	81	78	82	89	90	82	74	76	78	77	81	85	87	86	79	75	78	75	83	87	89	90	85	77
L A 2918	81.4	167	1.59	2.74	12.1	2.05	72	74	76	83	89	93	95	100	65	63	65	74	81	82	86	93	68	67	69	72	79	84	87	93	69	68	69	70	78	85	86	94	71	69	71	73	80	86	86	93	71	70	71	75	82	86	87	92	71	69	69	74	81	84	86	89	69	68	67	68	76	82	80	83
L A 2920	76.8	119	0.9	1.39	11.6	1.55	86	86	88	91	88	85	84	96	78	82	87	88	84	80	82	91	80	85	93	88	85	83	83	92	84	82	88	85	83	82	82	93	85	82	88	88	85	83	82	93	84	84	90	94	92	85	84	93	88	84	89	96	93	86	87	94	95	91	95	96	95	91	93	100
L A 2922	78.7	104	0.19	0.15	11.8	1.32	79	73	77	84	82	79	83	95	74	73	77	82	83	78	83	92	79	81	83	82	85	84	89	95	82	83	84	81	82	86	91	99	83	84	85	83	83	86	92	100	82	84	86	87	83	85	92	99	83	81	85	87	87	84	92	98	85	83	86	88	88	88	92	100
L A 2923	70.7	90.8	0.56	0.56	11.1	1.28	78	73	74	75	75	83	83	89	70	70	71	75	76	79	81	85	69	71	70	70	73	77	81	84	69	69	68	69	71	72	71	85	72	72	70	72	74	74	73	86	75	76	76	79	83	83	87	88	81	77	80	85	86	87	89	94	87	83	83	85	85	91	93	100
L A 2924	64.3	72.1	0.37	0.57	10.9	1.12	78	69	69	78	80	82	83	97	71	68	70	79	80	81	83	92	72	70	71	74	75	79	85	91	77	73	71	74	77	80	86	87	83	79	77	78	80	84	89	92	88	84	82	84	84	87	92	93	92	87	85	91	91	92	94	97	95	86	86	89	89	92	94	100
L A 2928	67.6	95.4	0.16	0.36	10.9	1.41	60	58	56	64	72	83	88	100	54	55	56	61	73	80	85	96	55	56	56	56	68	79	86	95	55	56	53	54	65	76	85	95	55	55	53	55	64	75	85	92	55	57	57	59	70	77	84	91	59	57	59	66	75	78	81	90	61	58	59	65	72	75	80	89
L A 2931	89.8	155	0.25	0.36	12.2	1.73	61	57	59	64	79	87	89	100	57	56	60	67	81	87	89	96	58	56	58	62	76	82	86	94	58	56	56	57	69	80	86	94	60	58	58	59	71	80	86	94	63	61	65	67	79	83	87	96	66	65	66	73	84	86	91	98	71	69	71	77	85	87	88	98
L A 2937	86.8	150	1.27	2.23	12	1.73	63	58	62	66	74	79	80	95	62	58	61	64	74	77	79	91	64	60	60	62	72	75	80	93	67	62	59	59	70	77	83	95	68	65	63	64	74	82	88	97	65	68	70	72	82	88	90	96	60	64	69	75	83	85	88	98	70	65	69	75	83	88	87	100
L A 2939	80.6	106	1.24	2.06	12.1	1.32	60	59	61	64	72	73	77	92	57	55	55	59	69	70	76	89	61	60	59	58	70	75	80	92	65	63	60	57	68	78	83	94	71	68	65	62	72	82	87	96	73	73	72	71	81	89	92	95	76	74	75	76	87	91	93	98	73	74	80	80	89	94	95	100
L A 2940	82.9	114	0.96	1.71	11.9	1.38	76	74	83	86	86	81	86	100	71	69	71	74	74	68	78	93	73	72	71	70	73	71	82	93	77	73	74	69	71	72	81	92	75	73	74	72	75	74	83	94	71	75	78	78	80	76	84	95	72	74	78	77	77	73	81	92	73	73	81	80	80	77	84	93
L A 2941	77.2	101	0.27	1.06	11.5	1.31	84	81	81	84	83	85	85	96	74	73	72	73	74	74	77	86	77	78	75	71	70	72	77	88	80	79	73	67	66	72	78	89	82	81	76	70	70	74	80	90	80	79	77	80	82	81	83	92	80	77	78	85	88	85	84	93	84	79	82	87	89	91	89	100
L A 2942	82.9	133	0.45	0.42	12	1.6	80	76	76	83	85	85	82	90	71	66	67	71	72	69	70	80	73	69	69	68	70	68	70	79	76	72	67	65	65	68	72	82	76	73	68	66	66	68	71	85	75	73	73	72	74	70	70	89	78	76	77	80	80	73	75	91	85	84	88	89	86	80	84	100
L A 2944	78.6	110	0.19	0.25	11.7	1.4	70	71	75	81	79	82	82	91	67	68	72	75	76	77	80	83	73	74	75	74	78	81	84	86	80	80	79	75	77	82	85	87	83	82	81	78	79	82	86	87	84	82	84	84	85	85	87	88	85	82	84	89	91	90	88	90	88	85	88	93	95	100	93	97
L A 2948	85.1	132	1.05	1.81	12	1.55	52	49	49	59	67	73	84	94	53	53	54	63	73	80	91	96	56	58	59	65	76	86	93	97	60	60	61	68	77	87	94	99	60	59	62	69	78	87	93	100	57	58	60	68	76	84	91	96	55	54	55	63	71	80	87	94	52	50	50	57	64	73	82	90
L A 2949	80.4	104	1.02	1.8	12	1.29	61	60	61	66	76	84	89	96	59	61	62	67	78	86	91	97	63	65	66	70	80	89	93	100	65	68	67	68	81	88	94	100	67	68	68	69	81	87	94	98	65	63	66	70	81	88	93	97	64	61	64	70	81	86	91	96	62	60	63	68	76	81	85	94
L A 2950	91	160	1.27	2.21	12.2	1.76	59	62	67	71	73	78	85	97	56	62	67	72	79	84	89	98	59	66	71	75	85	88	93	99	62	68	71	75	84	88	93	100	65	71	73	77	86	89	92	98	66	72	74	79	88	90	92	97	67	69	73	79	86	90	92	95	66	66	69	74	78	82	87	94
L A 2951	85.8	141	1.41	2.44	12.2	1.64	62	64	68	71	76	81	86	94	62	67	72	75	80	84	90	96	62	68	74	78	82	85	90	97	68	71	76	78	82	87	86	100	68	71	75	77	83	87	91	99	70	73	74	78	84	86	91	97	72	72	75	80	83	86	89	97	73	74	75	79	81	82	85	94
L A 2957	91	129	2.57	5.03	12.2	1.42	77	73	76	82	85	87	88	100	70	71	76	83	85	87	89	99	68	71	76	81	85	84	86	97	68	69	71	76	81	81	86	95	67	68	69	75	78	79	87	95	66	71	75	78	81	80	86	94	73	70	74	79	81	83	89	93	72	67	70	75	77	79	84	93
L A 2958	92.6	146	3.5	5.93	12.2	1.58	82	72	76	83	84	80	78	87	72	71	76	84	85	79	78	80	76	75	79	87	87	77	78	84	77	75	78	84	84	77	77	84	81	77	82	85	84	79	77	86	85	79	84	88	89	79	81	88	88	81	84	89	91	82	82	93	96	87	91	98	99	90	87	100
L A 2961	93.4	179	0.19	0.15	12.3	1.92	74	75	75	73	70	74	78	85	67	70	73	73	71	76	81	87	73	78	80	78	78	81	86	93	78	83	86	84	83	85	89	96	82	87	89	88	86	87	91	98	83	88	90	90	88	89	94	100	84	85	90	92	89	87	93	100	87	85	86	86	84	84	88	99
L A 2962	92.2	144	0.25	0.23	12.2	1.56	75	69	68	74	70	71	75	87	77	76	78	82	80	81	86	90	85	88	87	87	88	66	91	95	91	93	93	92	92	95	100	98	94	96	97	95	94	96	100	98	95	96	95	94	93	94	100	97	97	95	95	94	91	90	93	94	96	93	92	88	82	82	87	91
L A 2966	60.5	75.6	0.13	0.2	10.3	1.25	55	54	57	63	70	80	84	100	51	55	56	64	72	80	89	97	52	53	55	61	70	76	87	98	54	52	54	61	69	76	85	96	54	55	56	62	70	76	83	94	55	57	57	63	72	80	86	93	57	56	58	66	75	83	89	92	55	52	56	61	69	79	84	89
L A 2967	69.1	95.4	0.2	0.16	10.7	1.38	72	69	69	71	76	76	76	97	63	64	65	66	73	78	87	99	62	61	60	63	71	77	86	100	62	59	58	62	71	77	85	99	61	59	60	63	71	76	84	99	60	61	62	66	74	78	87	100	61	64	67	71	77	81	86	96	65	65	72	72	75	80	83	91
L A 2968	62.4	84.4	0.9	2.44	10.5	1.35	67	63	65	72	78	79	87	99	61	62	62	68	76	73	88	98	59	61	59	62	70	72	89	100	63	61	61	64	71	80	86	98	64	61	62	65	71	80	87	97	66	62	63	68	75	83	92	100	68	66	69	75	79	86	91	99	71	67	72	72	78	87	89	95
L A 2971	79.2	118	0.15	0.16	11.1	1.49	56	57	59	58	64	73	76	82	58	64	66	65	72	80	84	87	62	70	70	67	75	82	90	92	68	75	73	71	79	86	94	94	72	80	77	77	84	92	97	96	73	80	79	81	87	94	99	96	74	80	83	84	89	97	100	95	73	76	80	79	84	97	96	94
L A 2975	74.7	111	1.88	4.04	11.2	1.49	76	67	67	74	70	67	70	86	73	69	68	71	72	71	74	87	76	75	75	75	78	78	81	91	79	79	79	80	84	83	86	94	82	84	83	85	87	87	92	97	81	86	86	89	90	90	96	98	84	87	92	95	93	91	95	99	86	89	95	95	92	92	94	100
L A 2976	84.4	128	0.18	0.18	11.5	1.52	68	69	77	80	81	80	79	100	59	65	72	75	78	77	78	97	62	69	73	73	76	78	83	96	64	73	75	73	78	82	87	98	64	74	75	74	79	85	89	96	66	74	75	76	82	86	90	95	68	70	75	79	83	82	85	93	72	71	73	75	77	78	81	90
L A 2979	75	102	0.62	0.92	11.2	1.36	52	53	54	60	63	69	69	80	54	58	59	62	66	71	75	82	56	62	62	66	70	74	81	84	61	70	72	72	76	81	86	90	65	74	77	78	80	85	92	94	67	76	78	81	83	86	94	98	70	78	83	86	86	88	94	100	77	80	88	89	87	91	93	99
L A 2980	90.6	165	0.79	1.36	12	1.82	69	65	71	79	73	70	69	81	61	63	69	73	70	65	66	75	64	70	73	75	73	67	69	75	67	73	76	77	78	72	70	77	72	76	80	82	82	74	74	81	75	79	83	86	85	81	80	85	81	80	85	90	91	89	86	88	91	85	90	95	97	100	94	97
L A 2985	81.9	116	1.35	2.34	11.6	1.42	59	55	56	63	75	80	85	100	55	55	56	62	74	78	84	95	57	57	56	61	72	78	86	95	58	56	55	58	68	79	88	95	58	55	53	56	67	76	85	93	56	55	54	60	68	74	82	91	57	53	54	63	66	72	80	87	57	52	54	61	61	68	78	86
L A 2988	83.8	146	1.78	3.32	11.7	1.74	57	58	63	68	73	83	85	95	53	55	57	65	75	81	83	92	55	59	58	63	73	81	86	95	59	62	61	63	69	79	88	97	61	62	59	63	70	79	89	99	60	58	62	69	78	83	87	96	62	59	63	74	80	83	86	97	65	61	66	75	82	86	90	100
L A 2991	83.8	96.8	0.99	2.87	12	1.16	55	54	57	60	73	82	88	100	54	57	58	63	76	86	92	100	57	62	63	66	80	90	96	98	60	66	67	70	81	93	98	96	61	67	69	70	81	93	97	94	60	67	67	70	80	92	95	92	56	61	64	68	75	86	90	88	56	56	59	63	67	78	81	81
L A 2992	63.7	119	0.83	1.4	10.5	1.87	74	67	67	59	73	64	81	84	71	69	69	65	77	72	83	84	77	73	76	73	81	77	85	88	77	72	78	75	80	77	83	94	79	79	81	79	79	80	87	98	69	79	85	85	86	89	96	96	68	78	88	90	89	100	98	93	69	69	74	82	81	95	90	86
L A 2993	67.6	91.7	0.21	0.37	10.9	1.36	100	90	89	77	93	78	98	92	89	78	77	69	85	72	94	86	87	78	74	65	77	68	94	90	87	80	72	63	67	72	93	96	87	84	75	68	70	81	96	100	87	81	75	77	78	86	98	99	77	79	82	84	81	91	97	99	72	64	69	66	64	83	86	93
L A 2994	70.5	151	0.39	0.71	11.1	2.14	63	57	53	60	60	55	68	73	59	58	59	66	70	69	78	79	61	59	59	65	71	72	83	84	62	63	62	65	72	77	87	85	67	68	68	72	77	81	91	88	70	75	74	79	84	87	94	89	74	77	84	88	93	96	100	94	74	75	81	88	95	98	100	99
L A 2995	68.1	101	0.19	0.16	10.8	1.48	80	75	77	80	86	78	85	88	74	74	75	80	89	80	85	84	76	74	75	78	88	83	90	85	79	79	79	81	90	90	97	90	82	82	80	85	93	93	100	92	86	79	83	91	98	96	95	88	83	83	84	90	97	94	93	87	86	79	76	80	88	82	88	83
L A 2998	70	131	0.24	0.25	10.7	1.87	66	60	64	61	63	73	74	75	63	60	63	62	65	71	72	73	67	62	66	65	67	69	69	76	68	66	69	71	70	70	71	79	76	70	74	76	73	73	76	84	83	76	81	82	80	81	84	89	89	81	87	92	87	88	94	91	100	85	93	100	91	90	96	96
L A 2999	69.1	78.9	0.12	0.17	11.1	1.14	54	56	55	64	78	91	97	100	52	53	55	62	76	87	92	97	54	54	53	59	72	84	93	97	59	55	54	59	71	83	90	96	61	55	54	60	71	79	88	95	61	57	56	61	71	81	89	94	64	59	59	63	73	84	90	94	63	58	56	61	70	82	89	89